874	NONE	40327	0	40327	0
1110	NONE	258	0	258	0
1266	NONE	2	0	2	0
1418	NONE	9681	1017	11681	0
1429	NONE	2	0	2	0
1463	NONE	2	0	2	0
2547	NONE	6129	1031	8729	0
6954	NONE	4436	0	4436	0
9306	NONE	778	5282	840	0
10202	NONE	355	0	355	0
10396	NONE	19217	923	23374	0
10867	NONE	40242	0	40242	0
11071	FMIFY	5168	411	6963	0
11426	IFYFM	16180	2048	17566	0
12305	NONE	5608	644	7758	0
12355	NONE	1932	1269	3600	0
13348	NONE	37448	0	37448	0
13364	NONE	12371	574	13465	0
13410	NONE	2794	0	2794	0
14171	NONE	2	0	2	0
14382	NONE	2	0	2	0
14633	NONE	2	0	2	0
18403	NONE	2	0	2	0
23373	BOTH	13002	823	14496	0
30973	NONE	75001	0	75001	0
69153	NONE	1009	2827	1026	0
140332	NONE	2	0	2	0
141112	NONE	2	0	2	0
142135	NONE	2	0	2	0
145528	NONE	2	0	2	0
150433	NONE	41000	0	41000	0
184693	NONE	7678	2042	7746	0
238373	NONE	6	0	6	0
281563	BOTH	10626	1287	13907	0
330093	NONE	183	0	183	0
457573	NONE	8524	0	8524	0
511283	NONE	42	3292	60	0
608473	NONE	8238	3863	8665	0
611043	NONE	276	3075	308	0
616173	NONE	55000	0	55000	0
620793	NONE	2831	0	2831	0
623133	NONE	8223	0	8223	0
626523	NONE	663	0	663	0
631583	NONE	14809	0	14809	0
644963	NONE	3222	0	3222	0
647003	BOTH	5205	407	6757	0
655783	NONE	2512	423	4298	0
674433	FMIFY	39303	0	39303	0
676493	NONE	16639	0	16639	0
685513	NONE	165	0	165	0
696193	BOTH	25495	0	25495	0
702953	NONE	50	0	50	0
720843	NONE	406	0	406	0
743763	NONE	68441	1225	75289	0
754556	NONE	60000	0	60000	0
756278	NONE	1622	8699	1807	0
767395	NONE	80	0	80	0
770759	NONE	369	14400	415	0
777560	NONE	8278	438	9461	0
779746	IFYFM	3819	0	3819	0
784304	NONE	42111	0	42111	0
784492	NONE	14742	3263	15000	0
785032	IFYFM	12790	0	12790	0
785595	FMIFY	59974	3420	60000	0
790201	NONE	11439	747	12713	0
794355	NONE	102	0	102	0
795626	NONE	7869	2166	8841	0
802074	NONE	1062	0	1062	0
804268	NONE	180	1776	184	0
804455	NONE	70000	0	70000	0
808093	NONE	238	2610	243	0
810011	BOTH	12204	889	14719	0
811182	FMIFY	59044	870	60000	0
811397	NONE	2318	245	3221	0
813039	NONE	7905	0	7905	0
813286	NONE	130000	0	130000	0
814293	NONE	11806	1015	13563	0
815888	BOTH	12503	0	12503	0
817045	NONE	129	2042	140	0
821978	NONE	2560	0	2560	0
852861	BOTH	20635	0	20635	0
886491	IFYFM	3580	1082	3997	0
893431	NONE	35	0	35	0
897351	NONE	3206	455	5046	0
920861	NONE	372	0	372	0
933291	NONE	595	1319	780	0
1002261	NONE	5509	622	6418	0
1035491	NONE	26141	0	26141	0
1090951	IFYFM	6854	798	8228	0
1097851	IFYFM	2132	4794	2727	0
1103161	FMIFY	4215	0	4215	0
1117651	NONE	353	0	353	0
1143031	NONE	908	8935	990	0
1174681	NONE	172	3330	178	0
1189581	NONE	5787	2207	5924	0
1201491	NONE	9755	3997	12037	0
1245101	NONE	5770	0	5770	0
1253431	NONE	1417	0	1417	0
1255151	IFYFM	9401	3278	10210	0
1283361	NONE	7112	0	7112	0
1298771	NONE	2406	1702	3700	0
1308181	NONE	4435	668	5091	0
1315431	NONE	63269	3554	66265	0
1338681	IFYFM	3690	4143	5000	0
1359561	FMIFY	75000	0	75000	0
1361831	NONE	2981	1120	3494	0
1397291	NONE	32	2530	34	0
1409051	NONE	1435	0	1435	0
1409471	NONE	3624	2135	3887	0
1418692	NONE	2	0	2	0
1445688	NONE	2	0	2	0
1460411	NONE	2	0	2	0
1464881	BOTH	4636	699	5856	0
1473431	NONE	395	0	395	0
1530371	NONE	15690	270	18103	0
1533861	NONE	259	0	259	0
1588291	NONE	58	2579	65	0
1601911	NONE	3762	1568	5319	0
1712831	NONE	67078	0	67078	0
1729741	BOTH	16611	0	16611	0
1734381	NONE	54984	12890	55000	0
1735241	NONE	13191	1015	13472	0
1749251	NONE	8226	0	8226	0
1757901	NONE	4326	0	4326	0
1771151	NONE	6578	0	6578	0
1820881	FMIFY	8078	0	8078	0
1907361	NONE	5065	0	5065	0
1911641	NONE	306	3924	342	0
1917731	NONE	134996	1298	135000	0
1958351	NONE	5000	0	5000	0
1976611	FMIFY	54127	0	54127	0
1998841	IFYFM	11058	1657	14145	0
2005151	NONE	298	1200	305	0
2023191	FMIFY	43707	1651	51182	0
2046991	NONE	4374	0	4374	0
2074981	NONE	15000	0	15000	0
2156951	NONE	623	0	623	0
2241221	IFYFM	12454	3892	13307	0
2243161	NONE	43843	930	44805	0
2296271	NONE	4033	0	4033	0
2323411	NONE	920	1634	927	0
2346971	BOTH	7853	830	8140	0
2356581	BOTH	13312	0	13312	0
2372621	NONE	3703	0	3703	0
2528871	FMIFY	7071	0	7071	0
2551781	NONE	5730	0	5730	0
2553871	IFYFM	1939	1278	2158	0
2557521	NONE	369	5676	375	0
2561571	NONE	11279	1297	13444	0
2597491	NONE	227	2469	287	0
2656681	NONE	13521	0	13521	0
2662651	BOTH	10940	995	13419	0
2690211	NONE	114	2412	115	0
2704561	IFYFM	2358	502	2995	0
2771921	NONE	4354	0	4354	0
2776801	NONE	6609	3552	7167	0
2847571	IFYFM	1580	855	2394	0
2876911	IFYFM	26490	0	26490	0
2885851	NONE	8493	0	8493	0
2961431	NONE	2594	498	4186	0
2972571	NONE	345	4112	390	0
2977171	NONE	44691	2538	49642	0
2979391	NONE	650	0	650	0
3071851	NONE	3708	0	3708	0
3076591	BOTH	23737	809	26552	0
3099191	NONE	2168	0	2168	0
3124351	NONE	1441	1669	2471	0
3279001	NONE	5530	0	5530	0
3279421	NONE	1452	789	3284	0
3284351	IFYFM	1953	0	1953	0
3286871	NONE	1258	0	1258	0
3355991	NONE	5530	0	5530	0
3399351	NONE	3549	0	3549	0
3486751	FMIFY	6095	0	6095	0
3487621	IFYFM	17558	0	17558	0
3554721	NONE	31273	430	32968	0
3568351	IFYFM	2652	0	2652	0
3650851	IFYFM	2116	932	2656	0
3688251	NONE	2150	515	4570	0
3746171	NONE	63512	0	63512	0
3881391	NONE	18897	921	20037	0
4057941	NONE	28149	0	28149	0
4153501	NONE	155	1836	156	0
4190421	IFYFM	15000	0	15000	0
4200861	FMIFY	35529	0	35529	0
4228521	BOTH	2992	650	4087	0
4260991	NONE	3718	1080	6955	0
4278201	NONE	35245	1017	39903	0
4303181	NONE	9801	1107	11433	0
4387921	NONE	13662	0	13662	0
4511661	NONE	73	3710	79	0
4624001	NONE	7946	0	7946	0
4630221	BOTH	20676	0	20676	0
4654771	NONE	69	0	69	0
4659321	NONE	588	2065	1165	0
4693781	FMIFY	15548	0	15548	0
4733651	NONE	12332	1591	14690	0
4800271	NONE	7346	1698	7748	0
4804601	NONE	5813	920	6406	0
4804801	NONE	460	3323	471	0
4917231	NONE	1972	824	3281	0
5004281	NONE	4563	869	5924	0
5173351	NONE	565	0	565	0
5210841	NONE	55000	0	55000	0
5380672	NONE	75000	7024	75000	0
5392522	NONE	75000	0	75000	0
5393152	NONE	641	726	1189	0
5414782	NONE	7325	0	7325	0
5417132	FMIFY	57803	11765	60000	0
5434242	NONE	37142	0	37142	0
5435942	BOTH	33053	0	33053	0
5464452	NONE	648	0	648	0
5482582	NONE	562	1436	765	0
5485192	FMIFY	36753	0	36753	0
5489632	BOTH	22784	1549	27990	0
5511332	FMIFY	41750	1806	45000	0
5520952	NONE	85	3824	92	0
5521172	BOTH	2892	257	3743	0
5526292	NONE	50280	0	50280	0
5565532	NONE	4949	0	4949	0
5566092	BOTH	8290	0	8290	0
5568612	NONE	1100	0	1100	0
5570592	NONE	5024	0	5024	0
5571322	BOTH	5780	1260	8618	0
5579372	BOTH	7219	724	8585	0
5588242	NONE	7	1457	8	0
5637602	BOTH	11251	557	12258	0
5639262	NONE	204	0	204	0
5644892	NONE	9082	1592	11183	0
5650302	NONE	722	1774	983	0
5652742	NONE	5658	0	5658	0
5653432	FMIFY	45000	0	45000	0
5658202	IFYFM	5083	0	5083	0
5661892	NONE	29533	0	29533	0
5676952	NONE	12784	659	14057	0
5683952	FMIFY	59964	4751	60000	0
5687592	BOTH	4009	478	4873	0
5693062	FMIFY	62349	0	62349	0
5693432	NONE	761	2973	904	0
5695632	NONE	2693	0	2693	0
5710792	NONE	232	2440	395	0
5720382	NONE	8822	0	8822	0
5732162	NONE	26373	0	26373	0
5787782	FMIFY	7858	0	7858	0
5796052	FMIFY	3519	0	3519	0
5840532	FMIFY	42446	0	42446	0
5865492	IFYFM	9872	1109	11040	0
5889412	NONE	37115	0	37115	0
5896642	NONE	3727	0	3727	0
5896812	NONE	8176	1526	8178	0
5912732	IFYFM	6545	0	6545	0
5920402	IFYFM	6973	0	6973	0
5925162	BOTH	7192	433	8142	0
5930082	BOTH	4233	443	5300	0
5934132	NONE	499	1304	546	0
5946672	NONE	3450	0	3450	0
5950272	NONE	8723	0	8723	0
5950572	FMIFY	1655	358	2755	0
5964822	NONE	218	0	218	0
5974052	FMIFY	31438	386	32705	0
5975652	NONE	127	6439	180	0
5985582	NONE	2432	0	2432	0
5987782	NONE	3064	588	4683	0
6014122	NONE	1569	2514	1813	0
6039322	FMIFY	5119	0	5119	0
6086902	NONE	15042	0	15042	0
6088372	IFYFM	3859	0	3859	0
6108862	NONE	584	13045	739	0
6149912	NONE	73176	1516	75000	0
6190542	BOTH	18731	2517	23794	0
6203792	NONE	294	2586	322	0
6224272	NONE	4277	1675	5906	0
6284972	NONE	5425	0	5425	0
6296992	NONE	5758	0	5758	0
6328372	FMIFY	49748	0	49748	0
6332272	NONE	916	1120	928	0
6333392	NONE	483	0	483	0
6382062	FMIFY	43928	0	43928	0
6431392	NONE	16128	467	17418	0
6434802	NONE	9874	3249	10000	0
6452362	FMIFY	55938	2129	61093	0
6482002	IFYFM	8680	0	8680	0
6513952	NONE	21954	1854	25259	0
6519522	NONE	38459	0	38459	0
6530282	BOTH	35184	0	35184	0
6534322	IFYFM	1336	2291	1472	0
6560972	BOTH	30000	0	30000	0
6587832	NONE	11365	1496	11647	0
6588592	IFYFM	1289	595	1788	0
6604072	NONE	54990	2481	55000	0
6616462	NONE	672	0	672	0
6619282	NONE	621	0	621	0
6632492	NONE	2996	0	2996	0
6648022	BOTH	12065	675	14353	0
6655632	NONE	29362	0	29362	0
6686402	NONE	752	0	752	0
6718182	FMIFY	6420	0	6420	0
6726132	FMIFY	10950	0	10950	0
6729142	BOTH	27761	0	27761	0
6750202	NONE	11375	0	11375	0
6752902	FMIFY	1927	407	3600	0
6764252	BOTH	23935	2027	26126	0
6796502	NONE	2693	5180	2698	0
6796602	NONE	1956	1022	2259	0
6859712	BOTH	26059	975	26967	0
6865052	NONE	21711	0	21711	0
6872702	IFYFM	1177	0	1177	0
6891882	NONE	8488	0	8488	0
6892092	NONE	9955	256	11777	0
6906332	NONE	4397	1212	6644	0
6947832	IFYFM	1835	1850	2315	0
6996832	BOTH	19931	1591	23741	0
7015392	NONE	14498	872	16796	0
7024512	BOTH	11466	629	12450	0
7040692	BOTH	12676	0	12676	0
7040932	NONE	73945	13831	75000	0
7065602	NONE	233	0	233	0
7090482	IFYFM	3230	0	3230	0
7099112	IFYFM	7142	0	7142	0
7101972	NONE	2595	1802	3597	0
7121392	NONE	1816	1791	2894	0
7136392	NONE	5012	0	5012	0
7140472	NONE	15169	1080	17118	0
7148252	NONE	98	2685	98	0
7158022	BOTH	4840	444	6191	0
7185552	BOTH	3663	0	3663	0
7192882	NONE	23617	0	23617	0
7199762	NONE	50000	0	50000	0
7212272	IFYFM	8078	0	8078	0
7216862	NONE	107	0	107	0
7226972	BOTH	12302	623	13409	0
7234682	NONE	18479	0	18479	0
7239562	NONE	7510	728	9864	0
7242482	NONE	133	1180	192	0
7246862	NONE	3783	0	3783	0
7262712	IFYFM	6365	2278	7022	0
7269782	IFYFM	1743	574	2508	0
7275902	NONE	1875	629	3838	0
7291402	NONE	2015	656	4101	0
7309572	NONE	1469	964	3008	0
7314982	NONE	3494	0	3494	0
7321812	FMIFY	2698	194	3576	0
7350652	FMIFY	52954	4334	55000	0
7350962	NONE	74925	6580	75000	0
7353782	IFYFM	8169	0	8169	0
7395252	NONE	71236	0	71236	0
7426632	NONE	11541	0	11541	0
7437572	IFYFM	5040	0	5040	0
7457322	BOTH	29798	0	29798	0
7461022	NONE	656	1904	680	0
7490342	NONE	30813	3609	37109	0
7502562	IFYFM	8386	0	8386	0
7518252	NONE	27456	779	31392	0
7523212	NONE	1517	0	1517	0
7528292	IFYFM	24837	12563	24999	0
7546032	NONE	1942	2897	1974	0
7557612	BOTH	10851	917	14173	0
7565532	NONE	2289	926	3375	0
7573332	NONE	32194	2223	38009	0
7584382	IFYFM	9139	2099	10000	0
7587032	NONE	625	1959	630	0
7589742	NONE	2514	577	3121	0
7619982	NONE	11498	0	11498	0
7624142	IFYFM	5373	0	5373	0
7631942	NONE	3127	0	3127	0
7641662	BOTH	4948	281	5906	0
7650662	NONE	10026	0	10026	0
7673322	BOTH	20542	1523	26318	0
7677562	FMIFY	5416	0	5416	0
7681662	NONE	4051	392	4886	0
7691052	NONE	1867	1473	3731	0
7693312	NONE	2048	8250	2126	0
7696252	NONE	647	2673	796	0
7705112	IFYFM	5135	0	5135	0
7744882	NONE	11032	0	11032	0
7779602	NONE	7956	257	9241	0
7798562	NONE	955	0	955	0
7799412	FMIFY	41186	9642	45000	0
7803822	NONE	234	3352	269	0
7820152	FMIFY	3147	0	3147	0
7854772	FMIFY	2678	878	5258	0
7858822	NONE	5980	0	5980	0
7861902	BOTH	4387	0	4387	0
7862342	BOTH	11770	1341	15925	0
7864952	NONE	1291	263	2169	0
7867802	BOTH	14162	763	15872	0
7868082	NONE	12373	678	14214	0
7873262	BOTH	4902	325	5847	0
7876702	BOTH	32560	808	35201	0
7879032	FMIFY	3119	276	4214	0
7879052	BOTH	29895	9291	30000	0
7879832	FMIFY	2851	368	4903	0
7879972	IFYFM	14255	0	14255	0
7879982	NONE	180	1725	181	0
7887562	NONE	96	4062	112	0
7894282	BOTH	16737	0	16737	0
7901202	NONE	55000	0	55000	0
7922242	NONE	55084	0	55084	0
7936722	BOTH	10349	0	10349	0
7957772	FMIFY	29230	653	31583	0
7966812	IFYFM	17728	0	17728	0
7969392	NONE	13	0	13	0
7971552	BOTH	27270	1148	29587	0
7971732	NONE	4073	458	5360	0
7976712	BOTH	28330	0	28330	0
7981702	NONE	37704	0	37704	0
8036742	FMIFY	2532	196	3734	0
8040912	NONE	4137	0	4137	0
8066562	NONE	186	2571	190	0
8091642	NONE	3573	0	3573	0
8112832	NONE	6945	238	8059	0
8115312	NONE	12261	6017	12583	0
8123142	NONE	289	0	289	0
8131702	NONE	4594	1433	6192	0
8159112	NONE	769	0	769	0
8171222	NONE	9334	0	9334	0
8203662	NONE	2726	0	2726	0
8203772	NONE	225	1887	227	0
8215672	BOTH	14632	0	14632	0
8266322	NONE	65	3000	73	0
8318222	NONE	1722	1203	2986	0
8320702	IFYFM	3465	1080	3765	0
8329582	NONE	14860	297	16204	0
8330272	NONE	1075	1127	1101	0
8349572	NONE	6756	2794	7889	0
8353042	FMIFY	57393	0	57393	0
8360502	NONE	5000	0	5000	0
8381062	IFYFM	5653	1337	7404	0
8394422	NONE	28080	1017	28559	0
8417802	NONE	29787	0	29787	0
8442582	FMIFY	14009	640	16071	0
8443932	IFYFM	930	849	2466	0
8445962	FMIFY	21669	1183	25674	0
8447542	NONE	793	1567	798	0
8453012	FMIFY	4428	457	6756	0
8453452	NONE	139475	15183	140000	0
8474612	BOTH	10319	1027	12489	0
8479982	NONE	239	2600	240	0
8504592	BOTH	11505	0	11505	0
8512082	IFYFM	3139	0	3139	0
8527372	NONE	35000	0	35000	0
8571322	IFYFM	4227	5277	4984	0
8573292	NONE	39	0	39	0
8596022	NONE	96490	0	96490	0
8601572	BOTH	5286	710	7160	0
8610562	NONE	1662	761	3425	0
8627252	NONE	23094	6752	25000	0
8667942	NONE	278	5398	282	0
8699062	BOTH	11860	762	14480	0
8706852	BOTH	16463	674	18051	0
8715202	NONE	33	0	33	0
8740302	NONE	12325	0	12325	0
8765892	NONE	3967	0	3967	0
8769212	NONE	248	3999	305	0
8774682	NONE	5495	0	5495	0
8787602	NONE	4886	223	6032	0
8802892	NONE	184	3829	184	0
8804262	FMIFY	1671	221	2635	0
8815232	FMIFY	5132	1118	6730	0
8820652	NONE	44908	8887	45000	0
8833312	NONE	6862	1264	7495	0
8864932	NONE	1111	1496	1564	0
8900062	NONE	10855	0	10855	0
8907412	NONE	1362	0	1362	0
8918032	NONE	34938	0	34938	0
8963622	BOTH	11246	0	11246	0
8965932	NONE	7753	214	9098	0
9017192	BOTH	30124	0	30124	0
9019642	BOTH	12040	0	12040	0
9020432	IFYFM	7262	0	7262	0
9047882	NONE	2807	0	2807	0
9075752	NONE	3433	0	3433	0
9091052	FMIFY	35660	0	35660	0
9107172	BOTH	6538	330	7554	0
9115332	IFYFM	16991	559	17825	0
9129082	NONE	16592	0	16592	0
9136792	IFYFM	2830	0	2830	0
9138002	NONE	9949	1273	12772	0
9139022	NONE	134	2687	139	0
9160832	NONE	3050	796	5383	0
9167802	NONE	10	0	10	0
9171502	IFYFM	6302	770	9618	0
9204662	NONE	3326	0	3326	0
9219012	BOTH	7093	472	8376	0
9244582	NONE	99	0	99	0
9254162	FMIFY	8637	0	8637	0
9263952	NONE	10507	0	10507	0
9265652	BOTH	15444	961	19126	0
9274492	NONE	66678	6046	75000	0
9276282	NONE	1553	2134	2162	0
9283282	NONE	10963	1747	11839	0
9295212	NONE	3921	9828	5835	0
9304522	NONE	217	0	217	0
9306542	NONE	7741	0	7741	0
9341592	NONE	12453	0	12453	0
9348562	IFYFM	13495	0	13495	0
9366672	NONE	465	0	465	0
9377402	NONE	6541	1128	6795	0
9381632	NONE	24132	0	24132	0
9382252	BOTH	2843	349	3918	0
9411482	NONE	24727	2100	25000	0
9420152	NONE	2222	0	2222	0
9428992	NONE	3461	0	3461	0
9442882	NONE	10226	0	10226	0
9445592	NONE	2290	1349	3493	0
9453872	NONE	991	5431	1004	0
9486482	NONE	99	0	99	0
9496562	NONE	333	2555	340	0
9501342	NONE	2984	0	2984	0
9506582	NONE	583	0	583	0
9527242	NONE	12469	0	12469	0
9531802	NONE	905	446	1670	0
9547222	NONE	24796	1260	27589	0
9554942	NONE	23540	0	23540	0
9573592	NONE	5239	0	5239	0
9574902	BOTH	7849	732	9465	0
9575262	NONE	434	2727	446	0
9590002	FMIFY	27639	1679	33867	0
9637422	NONE	623	3806	721	0
9640612	NONE	85	0	85	0
9676642	NONE	8423	1870	10366	0
9694832	NONE	10575	261	11618	0
9707972	BOTH	7497	429	9792	0
9719042	NONE	5196	406	6117	0
9720292	NONE	75713	0	75713	0
9734372	IFYFM	13259	1316	15660	0
9740572	NONE	6156	379	7040	0
9751642	BOTH	14312	0	14312	0
9753672	NONE	70952	3613	80277	0
9759932	NONE	140	2142	152	0
9768252	NONE	3826	2062	4625	0
9789132	FMIFY	6995	0	6995	0
9793932	IFYFM	8173	0	8173	0
9797672	FMIFY	1585	220	2706	0
9814742	NONE	2073	707	3950	0
9816552	NONE	12761	557	14791	0
9834992	NONE	35000	0	35000	0
9836582	NONE	75000	0	75000	0
9838062	NONE	295	3910	326	0
9846232	NONE	3209	793	4428	0
9876162	IFYFM	2693	0	2693	0
9890492	NONE	59998	2038	60000	0
9898122	NONE	28	2298	46	0
9902522	NONE	1494	1145	1759	0
9911442	NONE	205	3417	213	0
9921932	FMIFY	42996	0	42996	0
9930952	FMIFY	6600	0	6600	0
9935212	NONE	281	1558	284	0
9948232	BOTH	6222	0	6222	0
9985802	NONE	27490	1775	32477	0
9990012	BOTH	19383	1873	27090	0
10029732	FMIFY	71253	7144	75000	0
10039442	NONE	1070	0	1070	0
10053832	BOTH	22833	0	22833	0
10106202	NONE	354	0	354	0
10108202	NONE	182	0	182	0
10119442	FMIFY	65000	0	65000	0
10123322	BOTH	13329	1478	15636	0
10131062	IFYFM	10561	0	10561	0
10138132	IFYFM	6510	0	6510	0
10141932	NONE	24	6522	24	0
10168762	BOTH	20038	0	20038	0
10200012	BOTH	17671	0	17671	0
10214312	NONE	2	0	2	0
10220942	NONE	10436	0	10436	0
10229152	FMIFY	5819	0	5819	0
10247222	NONE	3523	913	4578	0
10255732	NONE	174	3558	178	0
10268302	NONE	27215	0	27215	0
10272552	NONE	2080	1736	4150	0
10275512	NONE	1139	193	2029	0
10283262	NONE	3475	0	3475	0
10335262	NONE	14	0	14	0
10336042	BOTH	17426	1073	21788	0
10342142	NONE	49596	2278	50000	0
10355572	NONE	26026	974	31855	0
10355872	BOTH	20253	0	20253	0
10373322	NONE	74598	5901	75000	0
10383802	NONE	9213	0	9213	0
10387762	NONE	2113	1214	3406	0
10394452	NONE	3482	213	4684	0
10419922	BOTH	3871	0	3871	0
10428322	BOTH	26876	758	29580	0
10493972	NONE	15578	0	15578	0
10502072	NONE	222	0	222	0
10504412	BOTH	1002	944	2594	0
10509592	FMIFY	4754	493	6906	0
10565952	NONE	3035	0	3035	0
10568162	NONE	486	0	486	0
10615232	NONE	14960	0	14960	0
10623942	FMIFY	6131	0	6131	0
10644362	NONE	20848	0	20848	0
10655882	NONE	2634	472	4070	0
10667662	NONE	38820	3284	45000	0
10667882	FMIFY	51722	2343	60703	0
10670382	NONE	4774	518	6223	0
10684142	NONE	2823	1311	3394	0
10720122	BOTH	7552	0	7552	0
10728262	NONE	11	2238	12	0
10756512	NONE	164	0	164	0
10760152	BOTH	2887	270	4064	0
10767732	FMIFY	29591	1735	32785	0
10771662	IFYFM	5021	436	6223	0
10778382	NONE	377	0	377	0
10781062	NONE	3241	0	3241	0
10785292	NONE	88988	3765	97213	0
10814422	NONE	18622	0	18622	0
10828722	IFYFM	9744	3116	10000	0
10835742	BOTH	16476	949	18773	0
10854682	NONE	2345	0	2345	0
10865192	FMIFY	44331	0	44331	0
10865572	FMIFY	2269	273	3817	0
10876852	NONE	6925	1535	7356	0
10886522	NONE	22503	700	24345	0
10896172	NONE	3346	1660	3516	0
10942322	NONE	4254	565	5581	0
10955092	NONE	54	0	54	0
10971502	NONE	60000	0	60000	0
10984672	NONE	358	2203	362	0
10996202	NONE	1037	0	1037	0
11048812	NONE	6557	402	8765	0
11056752	NONE	73	2664	79	0
11058332	IFYFM	8742	1609	11001	0
11101852	NONE	61	0	61	0
11102352	FMIFY	41235	734	41643	0
11120232	BOTH	7562	594	9775	0
11147422	NONE	264	0	264	0
11147722	NONE	335	1319	348	0
11148342	NONE	10000	4782	10000	0
11154832	NONE	42326	0	42326	0
11155742	NONE	29601	5734	30000	0
11170472	IFYFM	1013	929	2801	0
11182932	FMIFY	3999	0	3999	0
11217692	NONE	20	0	20	0
11225552	NONE	7143	407	8774	0
11242082	NONE	78485	2483	79852	0
11242522	NONE	208	2550	225	0
11242912	NONE	3197	889	3915	0
11244022	BOTH	10070	1114	12679	0
11245432	IFYFM	8115	5205	8168	0
11259622	NONE	222	0	222	0
11271852	FMIFY	69777	2320	74850	0
11294152	BOTH	26581	0	26581	0
11294522	NONE	44762	13543	45000	0
11294982	IFYFM	1276	2033	2065	0
11295352	NONE	12511	669	13025	0
11304182	NONE	3314	0	3314	0
11314202	NONE	5214	529	5883	0
11314342	IFYFM	4205	1692	4721	0
11333532	NONE	59888	12982	60000	0
11340982	NONE	30969	884	34589	0
11358972	NONE	23510	0	23510	0
11365442	FMIFY	75000	0	75000	0
11403462	NONE	19021	250	20012	0
11417322	NONE	12521	0	12521	0
11419162	NONE	1975	608	3990	0
11428272	BOTH	2341	292	3245	0
11459052	NONE	117	0	117	0
11522432	BOTH	2871	283	3812	0
11522502	NONE	32032	3147	33420	0
11545732	BOTH	27322	1944	30000	0
11581622	NONE	2096	1330	3573	0
11591892	BOTH	7675	0	7675	0
11611232	NONE	4696	0	4696	0
11628802	NONE	2946	0	2946	0
11640962	NONE	15	2039	15	0
11644922	FMIFY	29503	2003	32821	0
11654692	NONE	1539	746	3306	0
11662532	BOTH	16856	1089	20194	0
11690452	NONE	6837	0	6837	0
11700082	IFYFM	2659	0	2659	0
11722042	NONE	10286	1021	10954	0
11732322	FMIFY	9778	0	9778	0
11734522	FMIFY	49383	0	49383	0
11752272	NONE	16482	0	16482	0
11774642	IFYFM	6785	0	6785	0
11776302	NONE	377	0	377	0
11778072	NONE	45	4347	55	0
11805432	NONE	19878	833	23136	0
11808732	IFYFM	5473	0	5473	0
11821042	FMIFY	4161	258	5119	0
11823592	NONE	3601	0	3601	0
11844232	IFYFM	3588	2111	4554	0
11847212	NONE	3419	311	4508	0
11856302	NONE	8433	1014	9686	0
11864402	FMIFY	9277	0	9277	0
11872482	BOTH	6054	397	7258	0
11879272	NONE	17999	3322	18921	0
11897882	NONE	303	2613	308	0
11902662	BOTH	10704	0	10704	0
11903532	IFYFM	2567	1270	3263	0
11905232	BOTH	5004	1060	6267	0
11911082	NONE	1137	4821	1199	0
11915432	NONE	59957	11460	66742	0
11916652	NONE	8	10943	9	0
11922532	NONE	22760	1243	24644	0
11946722	NONE	5256	540	7130	0
11955832	NONE	2808	0	2808	0
11961582	NONE	482	1698	486	0
11965332	NONE	145	9948	176	0
11968852	BOTH	6783	0	6783	0
11971422	NONE	1841	701	3695	0
11975892	NONE	6054	380	7475	0
12012452	NONE	7995	519	10691	0
12014132	BOTH	19079	1236	24618	0
12015342	NONE	331	1394	435	0
12035332	NONE	138	0	138	0
12057172	NONE	804	0	804	0
12084362	FMIFY	48757	2369	56587	0
12084472	NONE	1029	0	1029	0
12090722	FMIFY	11656	0	11656	0
12099472	IFYFM	4426	428	5359	0
12118082	BOTH	17169	885	19076	0
12127252	NONE	103	1432	121	0
12164982	NONE	13140	661	15645	0
12165292	FMIFY	1973	556	4411	0
12182912	FMIFY	7741	0	7741	0
12184042	FMIFY	39941	6465	40000	0
12185672	NONE	19351	3783	24536	0
12208012	NONE	1685	1797	2985	0
12286812	BOTH	3165	370	4428	0
12300952	NONE	77	0	77	0
12319142	IFYFM	13426	0	13426	0
12334662	NONE	10818	0	10818	0
12344752	FMIFY	4868	0	4868	0
12358342	IFYFM	12906	366	13771	0
12359712	NONE	1074	0	1074	0
12363002	NONE	6056	334	7112	0
12367722	BOTH	3967	359	4790	0
12373442	NONE	456	1575	457	0
12379282	NONE	31834	5890	32752	0
12385532	NONE	198	0	198	0
12386462	NONE	7525	0	7525	0
12397052	NONE	74998	0	74998	0
12438982	IFYFM	3531	0	3531	0
12441712	FMIFY	56286	0	56286	0
12446772	NONE	1295	0	1295	0
12454882	NONE	193	3016	203	0
12504732	NONE	135000	0	135000	0
12505022	NONE	206	14152	221	0
12507802	BOTH	21916	1920	28673	0
12519352	NONE	4246	0	4246	0
12550912	NONE	3742	555	6011	0
12566322	FMIFY	54623	0	54623	0
12570402	FMIFY	38517	910	41136	0
12582472	IFYFM	7995	0	7995	0
12589972	NONE	291	0	291	0
12591732	IFYFM	6540	1989	7152	0
12599342	FMIFY	6330	0	6330	0
12600952	NONE	3099	0	3099	0
12603912	NONE	177	0	177	0
12604592	IFYFM	5459	1739	6573	0
12611082	NONE	3740	1291	4330	0
12611542	BOTH	22983	1907	26570	0
12611642	NONE	29999	4000	30000	0
12619902	NONE	64	3571	69	0
12622872	NONE	5	1715	6	0
12628082	IFYFM	17560	0	17560	0
12665452	BOTH	5381	0	5381	0
12666842	NONE	50	12589	55	0
12672352	NONE	390	0	390	0
12691382	NONE	22	3491	22	0
12710712	NONE	45866	2887	48320	0
12712322	BOTH	15362	1758	19455	0
12721562	NONE	41	2305	42	0
12753422	IFYFM	4389	2156	5367	0
12759152	BOTH	14871	0	14871	0
12760522	NONE	1819	712	2895	0
12773112	NONE	3685	0	3685	0
12776042	FMIFY	14048	1274	17556	0
12806152	IFYFM	857	824	1505	0
12815432	NONE	16411	1233	19708	0
12816102	NONE	1491	854	1912	0
12820422	NONE	23	8956	25	0
12833022	NONE	5624	0	5624	0
12835022	IFYFM	1668	642	2111	0
12884642	NONE	4927	6349	5125	0
12885662	FMIFY	24275	0	24275	0
12888932	NONE	2924	1046	4929	0
12912512	NONE	4380	301	5550	0
12920992	NONE	185	1218	200	0
12925952	NONE	15	3291	23	0
12926542	NONE	225	10605	237	0
12940112	NONE	5413	1394	5425	0
12945002	NONE	45342	0	45342	0
12947712	IFYFM	15849	0	15849	0
12973362	IFYFM	23889	0	23889	0
12992802	FMIFY	46977	1585	49344	0
13012632	NONE	66472	0	66472	0
13012982	NONE	449	2088	462	0
13027572	NONE	70000	0	70000	0
13032102	FMIFY	38218	1772	43162	0
13035282	NONE	1147	2378	1266	0
13039132	NONE	3729	0	3729	0
13039512	IFYFM	7741	1055	10181	0
13049582	NONE	75000	0	75000	0
13081672	NONE	5497	398	7251	0
13082862	NONE	65000	0	65000	0
13097772	BOTH	34920	5985	35000	0
13108492	NONE	9910	511	10913	0
13119862	NONE	15000	0	15000	0
13132832	FMIFY	3178	220	4160	0
13143992	NONE	750	1845	828	0
13152872	BOTH	13254	0	13254	0
13206842	FMIFY	65189	0	65189	0
13212602	BOTH	3170	610	5000	0
13220032	NONE	369	0	369	0
13221172	IFYFM	7925	0	7925	0
13233742	NONE	4	2254	6	0
13238282	NONE	3104	381	4036	0
13253992	FMIFY	49878	5993	50000	0
13263652	NONE	2031	678	4026	0
13272072	BOTH	6664	0	6664	0
13273752	BOTH	2548	297	3388	0
13282392	FMIFY	18478	1593	23535	0
13283542	NONE	6158	0	6158	0
13293972	BOTH	13419	0	13419	0
13301812	IFYFM	26658	0	26658	0
13305162	BOTH	3654	327	4704	0
13314262	FMIFY	39988	4556	40000	0
13316052	BOTH	20850	482	21970	0
13316782	BOTH	16026	1741	18876	0
13322212	NONE	18279	1718	21188	0
13330522	NONE	12380	0	12380	0
13330902	NONE	1513	256	2327	0
13337292	BOTH	30000	0	30000	0
13339612	FMIFY	75000	0	75000	0
13348282	NONE	8	0	8	0
13354002	NONE	70000	0	70000	0
13361042	NONE	22131	0	22131	0
13361922	NONE	17057	2727	17203	0
13367792	NONE	10083	0	10083	0
13368052	NONE	2812	421	4317	0
13396002	IFYFM	9998	3595	10000	0
13406702	NONE	2968	0	2968	0
13425732	NONE	500	3550	536	0
13435052	FMIFY	3950	276	5497	0
13436432	NONE	20813	1913	22538	0
13451412	NONE	10272	0	10272	0
13455472	NONE	3293	0	3293	0
13457722	IFYFM	14260	1992	18289	0
13468222	BOTH	969	690	2907	0
13492762	NONE	24429	788	27004	0
13492872	NONE	34999	0	34999	0
13494102	IFYFM	10607	2707	12092	0
13494812	NONE	34697	0	34697	0
13510202	NONE	170	0	170	0
13519212	IFYFM	9607	0	9607	0
13526492	NONE	116	0	116	0
13527262	FMIFY	39054	1729	40965	0
13609232	NONE	19	0	19	0
13654112	NONE	57461	0	57461	0
13665642	NONE	1189	2823	1214	0
13677162	NONE	18	0	18	0
13688802	BOTH	16697	0	16697	0
13693042	NONE	9166	416	10194	0
13730782	NONE	10000	0	10000	0
13754172	NONE	24410	0	24410	0
13824022	NONE	5424	384	6654	0
13836482	BOTH	4152	448	5578	0
13848622	BOTH	16666	1277	19269	0
13851362	IFYFM	2498	599	3842	0
13857392	NONE	681	0	681	0
13881572	NONE	10000	0	10000	0
13882062	NONE	166	3444	173	0
13889462	BOTH	26175	0	26175	0
13911432	NONE	121	2112	139	0
13912872	NONE	5000	0	5000	0
13944452	IFYFM	7751	0	7751	0
13946352	NONE	7283	240	8214	0
13976432	NONE	51974	4286	60864	0
13996412	IFYFM	8806	0	8806	0
14019992	NONE	31185	4639	34445	0
14035292	NONE	17045	0	17045	0
14047162	NONE	3472	0	3472	0
14047540	NONE	11722	0	11722	0
14051442	NONE	16421	0	16421	0
14051635	FMIFY	4102	374	5554	0
14052091	FMIFY	10360	0	10360	0
14055088	NONE	14593	980	17078	0
14055289	IFYFM	6322	946	7407	0
14056943	NONE	765	1091	774	0
14057903	NONE	25113	0	25113	0
14058085	FMIFY	7971	842	10701	0
14058570	NONE	3282	272	4351	0
14061693	BOTH	15232	963	16865	0
14062463	BOTH	4314	0	4314	0
14063622	NONE	8129	705	11011	0
14064131	NONE	4169	0	4169	0
14065526	NONE	794	3721	870	0
14065774	NONE	8350	758	10533	0
14070794	NONE	3109	415	4624	0
14070830	NONE	8058	0	8058	0
14071624	NONE	9458	7645	10779	0
14074623	NONE	14254	0	14254	0
14076588	NONE	58664	0	58664	0
14078808	NONE	39999	0	39999	0
14080733	NONE	13305	337	15121	0
14082940	NONE	135	0	135	0
14084098	NONE	6797	0	6797	0
14085655	NONE	48	2173	53	0
14085969	BOTH	19408	359	20545	0
14086866	IFYFM	11153	2617	13050	0
14089573	NONE	7272	0	7272	0
14090019	NONE	2350	418	3545	0
14090639	NONE	2850	414	3885	0
14091581	NONE	369	2103	832	0
14092392	NONE	142	3899	161	0
14092629	FMIFY	5007	436	5969	0
14093909	NONE	18823	2835	19999	0
14095760	NONE	3554	0	3554	0
14098332	NONE	25454	1081	28711	0
14104260	NONE	318	1366	320	0
14104847	NONE	37445	758	41487	0
14105903	NONE	345	2576	350	0
14106348	BOTH	21001	0	21001	0
14111025	NONE	8779	0	8779	0
14111045	FMIFY	1627	204	2538	0
14111171	IFYFM	1016	3155	1320	0
14112512	NONE	371	4315	376	0
14116024	NONE	23992	0	23992	0
14116230	NONE	14	1620	16	0
14116472	NONE	2346	3068	2440	0
14117396	NONE	12	0	12	0
14117920	NONE	8010	0	8010	0
14119065	NONE	1872	668	3932	0
14122092	NONE	3714	722	6327	0
14127481	NONE	21518	811	23739	0
14127494	BOTH	13043	581	14325	0
14128343	IFYFM	7340	0	7340	0
14129027	NONE	8639	246	10234	0
14131109	BOTH	10005	343	10802	0
14131129	BOTH	10292	0	10292	0
14136766	NONE	4027	0	4027	0
14136886	NONE	26401	0	26401	0
14137817	FMIFY	1622	690	3495	0
14138497	IFYFM	1185	0	1185	0
14139410	FMIFY	1874	161	2794	0
14139449	NONE	2572	689	5135	0
14140420	NONE	14535	3593	16911	0
14141887	BOTH	14282	0	14282	0
14142750	NONE	2591	847	4799	0
14143344	IFYFM	14980	3058	14999	0
14150209	BOTH	7718	416	8936	0
14150917	BOTH	3833	261	5611	0
14151220	BOTH	13295	0	13295	0
14154581	FMIFY	84999	0	84999	0
14155332	NONE	853	1080	1384	0
14159592	NONE	99	1379	107	0
14164503	NONE	8289	0	8289	0
14164855	NONE	35906	6849	44999	0
14164943	NONE	135	9648	143	0
14167833	NONE	825	0	825	0
14172048	FMIFY	11127	492	13678	0
14173319	IFYFM	3154	453	4038	0
14173692	BOTH	10150	0	10150	0
14173921	NONE	3752	920	6054	0
14178271	BOTH	24649	1491	29489	0
14179084	BOTH	1629	210	2789	0
14179291	NONE	6433	0	6433	0
14180065	NONE	3202	0	3202	0
14180096	NONE	199	1729	216	0
14180127	NONE	1576	731	3275	0
14180157	NONE	4409	0	4409	0
14180223	NONE	1543	772	3218	0
14180279	NONE	29988	1950	29999	0
14191473	IFYFM	964	965	1270	0
14192891	NONE	3571	0	3571	0
14193139	NONE	1518	765	3187	0
14195869	BOTH	9296	0	9296	0
14196921	FMIFY	30109	1248	37160	0
14198539	IFYFM	1418	0	1418	0
14208114	NONE	2399	548	3652	0
14209307	NONE	383	6376	387	0
14209639	FMIFY	9486	0	9486	0
14210067	FMIFY	3792	442	5752	0
14212297	NONE	30778	0	30778	0
14212855	FMIFY	1568	234	2408	0
14213115	IFYFM	4534	324	6191	0
14214593	BOTH	4748	371	6066	0
14214838	NONE	3994	816	5702	0
14215193	BOTH	7279	509	9031	0
14215437	BOTH	18798	0	18798	0
14216754	IFYFM	5000	0	5000	0
14217862	NONE	13620	790	15629	0
14221588	NONE	926	1855	989	0
14222100	BOTH	12326	1139	14173	0
14222269	FMIFY	1285	177	2196	0
14222511	NONE	8158	0	8158	0
14227559	NONE	584	6603	666	0
14228195	NONE	37164	0	37164	0
14228355	FMIFY	4170	887	7079	0
14229042	NONE	397	0	397	0
14231321	NONE	410	5726	431	0
14244139	NONE	53	0	53	0
14245794	NONE	5791	0	5791	0
14245947	NONE	16156	1111	17453	0
14246731	BOTH	7913	752	9862	0
14248824	IFYFM	5000	0	5000	0
14248967	BOTH	8029	228	9002	0
14249388	FMIFY	4105	392	4879	0
14251168	BOTH	8160	0	8160	0
14251774	NONE	214	2610	220	0
14254192	NONE	387	0	387	0
14260458	NONE	4285	1371	7361	0
14260636	NONE	7164	1306	9241	0
14261168	FMIFY	75921	0	75921	0
14265553	BOTH	23901	1064	26334	0
14266604	BOTH	6567	412	7769	0
14267698	IFYFM	6779	0	6779	0
14268320	NONE	1650	960	2355	0
14270494	IFYFM	6836	977	8174	0
14271153	BOTH	1256	368	2395	0
14271397	FMIFY	10485	0	10485	0
14271542	NONE	3045	1112	4442	0
14277146	NONE	37	0	37	0
14277944	NONE	219	0	219	0
14279604	FMIFY	6280	473	7633	0
14282169	NONE	10000	0	10000	0
14282672	NONE	70001	0	70001	0
14283008	NONE	2633	1562	2952	0
14285046	IFYFM	10000	0	10000	0
14287191	NONE	70000	0	70000	0
14287627	NONE	134	0	134	0
14289168	NONE	286	7707	313	0
14290180	NONE	52	0	52	0
14290415	NONE	9243	0	9243	0
14293598	IFYFM	3564	0	3564	0
14294853	BOTH	10135	0	10135	0
14300107	NONE	10056	609	12207	0
14301386	NONE	3128	4876	4746	0
14303261	NONE	579	2221	594	0
14303883	NONE	170	0	170	0
14304302	NONE	13661	0	13661	0
14304863	IFYFM	5349	0	5349	0
14307644	NONE	419	1379	1632	0
14312127	BOTH	7959	0	7959	0
14312628	IFYFM	1756	602	3172	0
14313428	BOTH	19805	0	19805	0
14313531	NONE	16331	1409	20225	0
14313986	IFYFM	5104	3047	6029	0
14315150	NONE	178	7350	195	0
14327577	NONE	8129	449	9445	0
14330090	NONE	164	2452	309	0
14331765	FMIFY	4405	586	7186	0
14334230	BOTH	2914	357	4411	0
14334898	FMIFY	60001	0	60001	0
14334906	FMIFY	4938	949	7476	0
14335334	IFYFM	9458	697	11628	0
14341853	NONE	877	1502	997	0
14342597	FMIFY	8555	0	8555	0
14343307	NONE	3257	0	3257	0
14343387	NONE	1571	744	3372	0
14343564	IFYFM	2560	925	3877	0
14343741	NONE	1649	723	3379	0
14344708	NONE	3213	0	3213	0
14344731	NONE	1499	772	3164	0
14345095	BOTH	14066	0	14066	0
14346911	BOTH	5930	265	6992	0
14348257	BOTH	29129	0	29129	0
14348899	IFYFM	9769	0	9769	0
14348950	IFYFM	4441	1547	7177	0
14353146	IFYFM	12257	880	14349	0
14353918	BOTH	9830	630	12265	0
14357626	IFYFM	11615	0	11615	0
14358554	BOTH	9977	0	9977	0
14363723	NONE	10041	0	10041	0
14364188	BOTH	9568	1012	12850	0
14365664	NONE	1477	799	3146	0
14367725	IFYFM	2935	0	2935	0
14368898	NONE	3139	0	3139	0
14369874	BOTH	8438	0	8438	0
14370639	NONE	3942	1244	4708	0
14371962	BOTH	5448	300	6299	0
14372633	NONE	3011	781	4027	0
14374780	NONE	37	1371	38	0
14374818	FMIFY	9190	748	11051	0
14378029	NONE	23305	0	23305	0
14378241	IFYFM	21236	2519	25988	0
14378419	IFYFM	19963	8365	20000	0
14378627	BOTH	5633	392	6301	0
14378835	NONE	17056	0	17056	0
14378849	BOTH	1742	154	2623	0
14379832	IFYFM	5430	688	6756	0
14379896	NONE	2247	857	4745	0
14380239	NONE	572	1950	582	0
14380258	FMIFY	49015	3266	56812	0
14380462	FMIFY	74983	2756	75001	0
14380807	IFYFM	1022	7853	1652	0
14382579	NONE	30	0	30	0
14382835	FMIFY	12348	0	12348	0
14384631	NONE	35	0	35	0
14386602	NONE	2867	832	5131	0
14387083	NONE	5257	0	5257	0
14387119	NONE	2272	757	4731	0
14387502	NONE	1584	732	3389	0
14388166	BOTH	27511	5740	30000	0
14389031	NONE	35216	0	35216	0
14389127	FMIFY	8066	0	8066	0
14389132	NONE	14994	18315	15000	0
14389567	NONE	1594	1398	2670	0
14390935	BOTH	3103	784	5341	0
14391111	NONE	21218	1125	25120	0
14391119	NONE	579	2513	612	0
14392366	BOTH	3848	0	3848	0
14394428	NONE	15081	539	16268	0
14395912	IFYFM	6467	0	6467	0
14395929	FMIFY	1604	736	3615	0
14396061	NONE	5822	218	6755	0
14397336	NONE	7521	0	7521	0
14400028	NONE	28267	2150	29812	0
14400501	NONE	1629	699	3505	0
14401544	NONE	14995	3075	14999	0
14401599	NONE	46	0	46	0
14403797	IFYFM	5000	0	5000	0
14406098	IFYFM	2593	537	4023	0
14407125	NONE	69	2315	72	0
14411485	NONE	42976	1733	44825	0
14411806	IFYFM	6905	0	6905	0
14413014	IFYFM	5859	761	7726	0
14413024	NONE	19727	1939	23125	0
14413351	FMIFY	7141	553	10170	0
14413453	NONE	1486	568	3168	0
14413498	FMIFY	36579	987	40092	0
14415158	NONE	12571	439	13928	0
14415754	NONE	7021	4454	10000	0
14415928	NONE	55399	4729	65001	0
14415941	NONE	10914	439	13131	0
14416988	IFYFM	14968	6898	15000	0
14419313	NONE	24878	1999	30059	0
14426058	NONE	7182	0	7182	0
14426672	NONE	57	0	57	0
14426857	NONE	575	3173	586	0
14426876	FMIFY	5304	238	6812	0
14426942	FMIFY	47938	680	49329	0
14429823	NONE	286	11106	336	0
14430992	NONE	937	0	937	0
14431400	NONE	68303	0	68303	0
14432003	NONE	19999	0	19999	0
14433007	FMIFY	119529	3732	129111	0
14434975	FMIFY	4952	0	4952	0
14435000	FMIFY	52504	764	55116	0
14435305	FMIFY	35046	2199	40216	0
14437414	BOTH	7614	610	9662	0
14443235	NONE	55121	752	57085	0
14445015	BOTH	7565	1090	10837	0
14448063	NONE	675	0	675	0
14449845	IFYFM	2485	0	2485	0
14451294	NONE	54878	5753	55000	0
14451605	NONE	777	0	777	0
14455421	BOTH	1984	487	3724	0
14455492	NONE	165	1336	168	0
14456457	BOTH	3846	0	3846	0
14456888	FMIFY	6683	461	8760	0
14457449	NONE	6415	0	6415	0
14458280	NONE	40106	0	40106	0
14461486	NONE	5231	435	6552	0
14465139	NONE	373	1121	408	0
14465597	IFYFM	25000	0	25000	0
14466843	NONE	4826	254	6105	0
14467072	NONE	9502	437	10684	0
14467554	BOTH	16941	0	16941	0
14467789	NONE	399	0	399	0
14468043	FMIFY	65048	0	65048	0
14468951	BOTH	16839	0	16839	0
14469309	BOTH	9435	0	9435	0
14469694	BOTH	10537	792	12981	0
14470596	BOTH	7309	410	8183	0
14475700	NONE	11639	0	11639	0
14476909	NONE	926	2181	1036	0
14478573	NONE	4996	293	6244	0
14480402	NONE	4106	368	4909	0
14481340	NONE	28	1554	29	0
14481345	IFYFM	6500	1131	8150	0
14484153	IFYFM	2754	531	3711	0
14485501	NONE	162	1835	212	0
14486811	IFYFM	6051	0	6051	0
14487035	NONE	19	0	19	0
14504393	BOTH	13063	0	13063	0
14505615	NONE	3835	443	5284	0
14505871	FMIFY	44879	6863	44999	0
14507201	NONE	10274	0	10274	0
14508617	FMIFY	3476	513	4805	0
14508753	BOTH	4172	1187	6931	0
14510050	NONE	7360	276	9032	0
14511863	BOTH	26690	930	28254	0
14513049	NONE	5000	0	5000	0
14513904	FMIFY	5656	618	7366	0
14517110	NONE	4012	554	5509	0
14519891	NONE	7102	0	7102	0
14523786	NONE	6407	0	6407	0
14523801	NONE	29668	3998	31519	0
14526369	BOTH	5341	249	6176	0
14526709	NONE	152	0	152	0
14529946	FMIFY	2348	747	4713	0
14536203	NONE	9923	336	10656	0
14539464	NONE	45001	0	45001	0
14539561	IFYFM	3909	792	4557	0
14546942	BOTH	2926	263	3915	0
14547574	BOTH	27450	0	27450	0
14548316	NONE	3560	0	3560	0
14550649	NONE	34999	0	34999	0
14553089	FMIFY	34419	1365	36517	0
14558802	NONE	34	1046	45	0
14560341	BOTH	6536	0	6536	0
14566016	NONE	6915	385	7733	0
14569134	NONE	9322	0	9322	0
14569735	IFYFM	10175	0	10175	0
14570296	FMIFY	3719	965	6286	0
14572135	NONE	3196	1224	3255	0
14573643	FMIFY	10680	531	12679	0
14575465	BOTH	7005	1033	10416	0
14576717	BOTH	6589	325	8565	0
14577023	IFYFM	4974	3126	5000	0
14583298	BOTH	7664	341	8793	0
14585120	BOTH	2604	962	4749	0
14588151	NONE	15104	618	18126	0
14589146	IFYFM	1607	638	2495	0
14589812	NONE	945	0	945	0
14590903	NONE	31504	0	31504	0
14595100	BOTH	6905	415	7806	0
14595124	NONE	7718	995	9908	0
14595628	BOTH	4403	298	5371	0
14604102	NONE	39985	1732	39996	0
14615368	FMIFY	3051	261	3898	0
14616975	BOTH	16252	809	18588	0
14617110	IFYFM	4671	0	4671	0
14619266	IFYFM	9968	2350	9975	0
14621112	NONE	35832	0	35832	0
14626565	IFYFM	2785	1147	3057	0
14628090	BOTH	20996	0	20996	0
14628477	NONE	4578	2141	5938	0
14629667	IFYFM	9652	0	9652	0
14630212	BOTH	7622	0	7622	0
14632998	NONE	74706	5736	74999	0
14634144	NONE	34995	0	34995	0
14637560	NONE	38297	477	40522	0
14638486	BOTH	10291	486	13288	0
14641392	NONE	29614	1289	31255	0
14643581	BOTH	3833	330	4935	0
14644196	BOTH	6925	0	6925	0
14645348	NONE	1616	0	1616	0
14647853	NONE	95	0	95	0
14648224	NONE	4729	0	4729	0
14648709	NONE	6	5766	8	0
14650898	NONE	33368	0	33368	0
14652452	NONE	34997	0	34997	0
14655389	NONE	3158	0	3158	0
14659334	NONE	20504	698	21874	0
14659562	NONE	26	2223	27	0
14660128	NONE	19	2506	21	0
14660636	FMIFY	38367	2608	44106	0
14661191	FMIFY	7385	0	7385	0
14661399	NONE	5345	0	5345	0
14664597	NONE	5921	0	5921	0
14664756	NONE	26542	0	26542	0
14666401	NONE	469	0	469	0
14668123	NONE	1424	1012	1614	0
14668727	NONE	13214	1439	16578	0
14676716	NONE	362	0	362	0
14680596	NONE	43	0	43	0
14687806	NONE	28294	2873	34803	0
14690817	FMIFY	7684	284	9002	0
14692489	NONE	397	2277	406	0
14692710	NONE	1526	637	3457	0
14705646	NONE	3617	492	4801	0
14707469	BOTH	6224	0	6224	0
14709484	FMIFY	24459	0	24459	0
14711172	NONE	74	0	74	0
14715761	BOTH	13197	0	13197	0
14717703	NONE	2191	527	4364	0
14718729	NONE	2105	608	4126	0
14720411	FMIFY	54949	13249	55001	0
14721067	FMIFY	44253	2278	45167	0
14723940	BOTH	14679	0	14679	0
14724142	IFYFM	9055	513	10194	0
14725110	NONE	45000	0	45000	0
14727152	BOTH	22091	1552	25300	0
14731400	NONE	2587	0	2587	0
14732187	NONE	4982	5204	5000	0
14748513	BOTH	24224	0	24224	0
14752123	NONE	2927	774	3182	0
14752306	NONE	2100	768	3984	0
14759377	NONE	21786	0	21786	0
14760706	NONE	361	3421	380	0
14764622	NONE	471	2475	477	0
14768049	NONE	2622	0	2622	0
14774895	NONE	15598	0	15598	0
14776609	FMIFY	12767	1102	15836	0
14776925	FMIFY	792	229	1696	0
14777850	FMIFY	20566	354	22284	0
14779563	IFYFM	3453	6014	5079	0
14783126	NONE	2987	0	2987	0
14783359	BOTH	8963	670	10380	0
14785887	IFYFM	10244	2470	11987	0
14789031	NONE	48	2993	59	0
14789783	BOTH	10319	621	12651	0
14793446	BOTH	6053	557	7234	0
14795369	BOTH	2666	329	3775	0
14796493	BOTH	8384	0	8384	0
14803917	NONE	24653	0	24653	0
14806841	NONE	85	0	85	0
14808307	NONE	64999	0	64999	0
14808390	NONE	70	4330	78	0
14812811	NONE	53	5649	65	0
14813048	NONE	1539	471	2376	0
14813068	NONE	3847	701	4965	0
14819061	NONE	7380	911	7999	0
14820608	BOTH	26447	1390	31561	0
14821347	NONE	24952	8222	24999	0
14821812	BOTH	22042	322	23422	0
14823469	BOTH	12700	0	12700	0
14824584	BOTH	10474	0	10474	0
14825460	BOTH	7037	288	8160	0
14825710	BOTH	6613	551	8482	0
14826124	FMIFY	49983	2366	53765	0
14826607	IFYFM	8971	2437	10001	0
14830866	NONE	217	0	217	0
14831059	NONE	3014	732	4964	0
14831419	NONE	34519	2551	39980	0
14833044	BOTH	4856	0	4856	0
14837079	NONE	18948	1219	23606	0
14837385	BOTH	23680	0	23680	0
14838988	FMIFY	6224	529	8234	0
14841815	BOTH	21233	0	21233	0
14845642	IFYFM	8051	0	8051	0
14848617	NONE	2492	0	2492	0
14849200	BOTH	19064	0	19064	0
14850503	NONE	194	2429	195	0
14852443	BOTH	2589	752	4021	0
14853616	NONE	4710	0	4710	0
14853628	NONE	12825	1939	14505	0
14854319	IFYFM	4853	957	5753	0
14855279	NONE	56192	493	57037	0
14857041	NONE	201	0	201	0
14859361	NONE	7501	0	7501	0
14863133	BOTH	7262	418	8452	0
14864150	FMIFY	36828	0	36828	0
14865439	NONE	9897	5596	10000	0
14868714	BOTH	4106	536	6301	0
14869476	BOTH	5649	375	6973	0
14871283	NONE	27897	0	27897	0
14874649	FMIFY	25693	0	25693	0
14874772	NONE	40696	2150	48978	0
14875482	NONE	7661	0	7661	0
14875897	BOTH	21109	591	23281	0
14877167	BOTH	9269	362	10040	0
14886348	NONE	1675	0	1675	0
14886375	NONE	39986	5393	40000	0
14901848	NONE	42	0	42	0
14903152	BOTH	15166	0	15166	0
14904437	NONE	11436	0	11436	0
14905049	NONE	9351	0	9351	0
14908780	IFYFM	4478	749	4991	0
14914378	NONE	3687	0	3687	0
14914938	IFYFM	19998	2321	20000	0
14922308	NONE	8930	587	10623	0
14929948	NONE	10000	0	10000	0
14936152	BOTH	5650	0	5650	0
14936286	NONE	4532	0	4532	0
14937188	FMIFY	64842	5248	65000	0
14938016	BOTH	5610	0	5610	0
14938818	NONE	298	0	298	0
14939375	FMIFY	8262	0	8262	0
14939644	IFYFM	1899	0	1899	0
14941009	NONE	13811	724	14535	0
14944039	NONE	1161	3329	1214	0
14950529	FMIFY	12681	0	12681	0
14951401	NONE	108	0	108	0
14954009	BOTH	6786	0	6786	0
14954259	BOTH	17323	1243	21942	0
14956756	NONE	2668	0	2668	0
14960401	FMIFY	3464	188	4571	0
14962648	NONE	239	3511	243	0
14962703	FMIFY	13114	990	17636	0
14964048	BOTH	4429	0	4429	0
14964744	NONE	83	1678	111	0
14964767	NONE	59	1836	61	0
14966504	BOTH	4878	498	6665	0
14966517	BOTH	10669	604	12876	0
14968179	BOTH	18162	0	18162	0
14968393	NONE	489	2216	1105	0
14970326	FMIFY	4847	0	4847	0
14972093	NONE	32	0	32	0
14972162	NONE	445	1385	450	0
14972738	NONE	2219	1305	4218	0
14974715	IFYFM	12947	0	12947	0
14987638	NONE	1204	0	1204	0
14988344	NONE	10464	0	10464	0
14989592	NONE	254	1965	295	0
14990608	NONE	50000	0	50000	0
14991366	BOTH	31164	0	31164	0
14994465	NONE	39649	5055	40000	0
14995603	NONE	3641	0	3641	0
14996326	IFYFM	9133	3732	9616	0
14998161	NONE	247	0	247	0
15000796	NONE	5564	0	5564	0
15004660	FMIFY	14561	0	14561	0
15005272	BOTH	12906	0	12906	0
15008403	BOTH	4029	239	4994	0
15012843	NONE	4517	222	5486	0
15014044	NONE	18224	0	18224	0
15016294	NONE	1728	762	3620	0
15017021	FMIFY	3652	315	4792	0
15017240	NONE	316	0	316	0
15017434	NONE	223	2561	229	0
15023197	NONE	11412	1358	15523	0
15027207	NONE	32785	0	32785	0
15029560	NONE	97	0	97	0
15030098	NONE	29982	5070	29999	0
15031424	NONE	52348	0	52348	0
15032300	IFYFM	6052	916	6758	0
15032462	NONE	1407	1148	2860	0
15032604	NONE	34994	3174	34999	0
15033239	BOTH	15213	1966	21128	0
15039997	BOTH	13008	0	13008	0
15040500	NONE	26846	379	27841	0
15044502	NONE	12537	8996	15320	0
15044808	NONE	1618	746	3428	0
15048198	IFYFM	3763	2080	4119	0
15054097	NONE	289	0	289	0
15054208	NONE	1659	696	3450	0
15060048	NONE	13703	0	13703	0
15062528	NONE	49999	0	49999	0
15065568	NONE	49020	3134	49999	0
15066160	BOTH	8122	0	8122	0
15067216	FMIFY	6609	0	6609	0
15069237	NONE	11202	0	11202	0
15070299	NONE	8467	586	10194	0
15079300	NONE	2790	0	2790	0
15079949	BOTH	2748	762	5717	0
15080404	NONE	59	0	59	0
15081182	NONE	74999	0	74999	0
15081807	NONE	3311	217	4385	0
15084495	BOTH	12262	839	15859	0
15086185	NONE	16283	0	16283	0
15086336	FMIFY	3236	181	4212	0
15087678	BOTH	29842	0	29842	0
15091071	IFYFM	4952	887	6805	0
15092161	NONE	1499	4641	1519	0
15092487	BOTH	5433	295	7177	0
15094238	NONE	5225	0	5225	0
15095760	NONE	1953	0	1953	0
15102242	BOTH	9036	0	9036	0
15102818	BOTH	33668	658	36109	0
15104446	BOTH	3122	0	3122	0
15105269	FMIFY	35664	0	35664	0
15107077	NONE	3205	0	3205	0
15109598	BOTH	13811	0	13811	0
15110255	NONE	5248	0	5248	0
15112316	FMIFY	39326	0	39326	0
15113622	BOTH	5939	298	7342	0
15114927	NONE	28324	0	28324	0
15115280	NONE	63	4735	77	0
15116585	IFYFM	9984	1010	12830	0
15117375	NONE	62137	0	62137	0
15117599	NONE	5336	885	5948	0
15119203	IFYFM	10777	1024	14460	0
15120121	NONE	26279	0	26279	0
15122420	IFYFM	4066	510	5351	0
15131310	NONE	75000	0	75000	0
15135456	BOTH	6532	0	6532	0
15136484	NONE	6452	953	7375	0
15136857	BOTH	10367	438	11171	0
15139005	NONE	4757	251	5761	0
15140891	NONE	46	2900	52	0
15141923	BOTH	7557	1439	10230	0
15142075	NONE	2497	193	3444	0
15143032	BOTH	4361	494	5776	0
15143707	FMIFY	3611	0	3611	0
15143725	BOTH	22294	1377	27583	0
15144671	FMIFY	20026	0	20026	0
15145709	FMIFY	5064	803	8127	0
15145875	BOTH	12796	1202	14628	0
15146359	BOTH	11508	324	12503	0
15146572	IFYFM	2165	708	3837	0
15148418	NONE	45	3083	47	0
15149003	FMIFY	3297	233	4674	0
15149772	FMIFY	4659	0	4659	0
15150771	NONE	12003	0	12003	0
15151747	NONE	7387	0	7387	0
15151846	FMIFY	28923	1710	35959	0
15152106	FMIFY	2239	365	3763	0
15152424	NONE	4594	1729	5000	0
15152805	BOTH	11162	302	11956	0
15153005	BOTH	7423	513	9001	0
15153064	IFYFM	6255	1485	8637	0
15153230	IFYFM	819	2667	1748	0
15153269	BOTH	3694	960	5747	0
15153347	NONE	3087	316	4235	0
15153527	BOTH	3087	440	4030	0
15155727	NONE	83	0	83	0
15156756	NONE	82	1225	90	0
15158065	BOTH	2269	0	2269	0
15158464	NONE	39988	15818	40000	0
15160367	BOTH	20644	0	20644	0
15160742	NONE	18	2306	19	0
15164207	NONE	2639	0	2639	0
15165751	NONE	3917	0	3917	0
15166577	NONE	33603	1231	39461	0
15171605	BOTH	15591	799	17672	0
15173109	IFYFM	13859	3479	15000	0
15173724	NONE	101	0	101	0
15173828	FMIFY	5935	322	7404	0
15174521	FMIFY	4402	0	4402	0
15175391	BOTH	12192	491	13222	0
15175597	FMIFY	13102	0	13102	0
15175660	BOTH	3258	227	4587	0
15175854	BOTH	4981	310	5779	0
15176133	NONE	3747	465	4937	0
15176862	NONE	6862	450	7631	0
15177845	NONE	365	1157	371	0
15179041	NONE	2842	0	2842	0
15181500	NONE	28395	0	28395	0
15181581	BOTH	5479	391	6668	0
15181677	NONE	769	2630	828	0
15181859	BOTH	4302	505	5519	0
15182040	NONE	2650	210	3568	0
15184933	NONE	3064	2077	4881	0
15189849	BOTH	12422	0	12422	0
15191511	NONE	11992	0	11992	0
15192462	FMIFY	39547	7918	40000	0
15193239	NONE	21563	0	21563	0
15193328	IFYFM	12995	1192	13691	0
15193426	NONE	1383	840	3016	0
15195038	BOTH	4550	741	6843	0
15195088	BOTH	5119	375	6167	0
15195171	NONE	67743	8880	75000	0
15198972	NONE	205	2619	209	0
15199431	BOTH	3949	0	3949	0
15200066	BOTH	8949	0	8949	0
15200757	NONE	577	2485	843	0
15202615	BOTH	9609	0	9609	0
15204662	BOTH	15401	327	16538	0
15204986	FMIFY	13583	808	15935	0
15211524	NONE	9293	0	9293	0
15213757	FMIFY	7308	0	7308	0
15214601	FMIFY	54825	7598	55000	0
15214812	NONE	182	0	182	0
15217730	BOTH	3478	0	3478	0
15218193	NONE	7261	953	9084	0
15219453	NONE	108	0	108	0
15221753	BOTH	5762	777	6970	0
15221756	FMIFY	4951	281	6196	0
15222197	NONE	28655	3291	30552	0
15222393	NONE	848	2208	900	0
15224038	NONE	1924	960	3994	0
15225065	NONE	8251	0	8251	0
15226193	NONE	1731	359	2738	0
15226381	NONE	9608	694	11325	0
15226743	NONE	5028	367	6666	0
15226913	NONE	24	1568	24	0
15228091	NONE	30000	0	30000	0
15228169	BOTH	26352	1255	30725	0
15228678	BOTH	8518	872	11153	0
15229679	BOTH	5619	0	5619	0
15230663	FMIFY	46854	1929	53811	0
15231766	NONE	1497	2918	1504	0
15234506	BOTH	1834	137	2731	0
15236542	IFYFM	3061	1340	3779	0
15237116	IFYFM	13440	0	13440	0
15238769	NONE	110	0	110	0
15240516	NONE	65	0	65	0
15244628	IFYFM	11416	1529	12849	0
15244940	BOTH	14972	0	14972	0
15246245	NONE	2754	797	4457	0
15246449	IFYFM	1789	1132	1961	0
15246951	FMIFY	84996	0	84996	0
15247372	BOTH	9183	0	9183	0
15247709	IFYFM	5101	0	5101	0
15248040	BOTH	7136	0	7136	0
15249991	NONE	13326	2962	14109	0
15253062	NONE	12350	0	12350	0
15253428	NONE	35882	0	35882	0
15254128	BOTH	8491	0	8491	0
15255968	FMIFY	12812	0	12812	0
15256013	NONE	7381	601	9509	0
15256826	BOTH	15535	467	17123	0
15256847	FMIFY	4979	727	6663	0
15257722	NONE	5000	0	5000	0
15257727	BOTH	21860	974	25427	0
15258479	FMIFY	45000	0	45000	0
15258794	BOTH	22276	0	22276	0
15259443	NONE	1504	615	3027	0
15260162	FMIFY	43960	1937	45000	0
15260302	BOTH	21109	1513	25920	0
15262477	IFYFM	3577	0	3577	0
15264739	FMIFY	34145	930	37040	0
15265269	NONE	14851	999	18006	0
15267256	NONE	3998	444	4893	0
15267917	FMIFY	42913	733	45637	0
15268732	BOTH	9822	0	9822	0
15269891	IFYFM	3856	0	3856	0
15271924	NONE	4166	0	4166	0
15272036	NONE	3793	470	5104	0
15272561	NONE	4434	372	5249	0
15274836	NONE	120000	0	120000	0
15276401	NONE	12627	0	12627	0
15276785	IFYFM	2177	0	2177	0
15278335	BOTH	13049	0	13049	0
15278981	BOTH	5167	647	6800	0
15280385	NONE	59599	0	59599	0
15282814	BOTH	4469	1235	6731	0
15284045	FMIFY	1553	180	2619	0
15284900	NONE	10061	0	10061	0
15285305	NONE	48979	0	48979	0
15285352	NONE	9970	5361	10000	0
15285451	NONE	128	0	128	0
15287909	BOTH	8474	0	8474	0
15288440	BOTH	10203	0	10203	0
15289903	NONE	1965	799	3878	0
15289925	BOTH	4669	446	6581	0
15291818	BOTH	6142	290	7365	0
15293113	NONE	10849	0	10849	0
15293352	NONE	60000	0	60000	0
15293750	FMIFY	70738	2828	75000	0
15293908	NONE	6329	0	6329	0
15295602	NONE	24873	912	27240	0
15295697	NONE	8860	884	11711	0
15299829	IFYFM	2074	0	2074	0
15300050	BOTH	15917	0	15917	0
15302201	FMIFY	54287	5358	55000	0
15303630	IFYFM	22924	2173	26947	0
15304093	IFYFM	12398	834	15601	0
15304749	NONE	13722	1314	17176	0
15305831	NONE	30695	0	30695	0
15306134	NONE	17893	1421	20000	0
15307587	NONE	9291	0	9291	0
15308739	NONE	212	2948	339	0
15309624	BOTH	10174	599	12822	0
15313041	IFYFM	1732	1110	2009	0
15314226	FMIFY	1777	589	3586	0
15315804	NONE	1906	735	3436	0
15315984	FMIFY	4519	0	4519	0
15317295	BOTH	6324	0	6324	0
15317669	NONE	9	0	9	0
15318004	NONE	114	4190	115	0
15318503	NONE	5000	0	5000	0
15320180	NONE	2201	0	2201	0
15322417	FMIFY	9131	0	9131	0
15323110	NONE	13575	0	13575	0
15325496	BOTH	8086	504	9746	0
15325890	BOTH	25186	1230	28916	0
15326000	NONE	3340	0	3340	0
15326572	NONE	29941	6936	30000	0
15326799	BOTH	13015	355	14432	0
15326881	FMIFY	15756	0	15756	0
15327488	FMIFY	69253	1063	71276	0
15329108	NONE	4000	0	4000	0
15329192	BOTH	6981	696	9153	0
15329593	NONE	2560	0	2560	0
15329797	IFYFM	5506	254	6638	0
15329906	NONE	2434	745	3155	0
15330930	FMIFY	20298	1197	25712	0
15331946	NONE	226	4599	230	0
15332793	IFYFM	3204	1739	4036	0
15336979	NONE	7377	0	7377	0
15339457	NONE	30	0	30	0
15340588	BOTH	2021	416	3294	0
15344280	BOTH	19227	817	21914	0
15346870	FMIFY	14978	1101	17429	0
15347748	NONE	5039	760	6926	0
15353497	NONE	3382	0	3382	0
15355341	BOTH	4772	0	4772	0
15355596	NONE	544	2720	557	0
15355926	IFYFM	3092	377	3973	0
15356467	BOTH	30617	0	30617	0
15357904	NONE	2814	281	3698	0
15358092	BOTH	6296	0	6296	0
15359075	NONE	690	0	690	0
15360796	BOTH	9413	432	10904	0
15363005	NONE	209	2530	209	0
15363277	BOTH	7691	0	7691	0
15364457	NONE	6780	0	6780	0
15364944	IFYFM	4341	879	4675	0
15365857	NONE	22025	1811	23677	0
15365913	BOTH	22219	693	24749	0
15366286	FMIFY	15430	1213	18518	0
15366812	NONE	79	4402	80	0
15368007	NONE	15997	0	15997	0
15368314	FMIFY	2315	811	4455	0
15369494	NONE	19	0	19	0
15371730	IFYFM	9967	1928	12322	0
15372377	NONE	7638	1561	8008	0
15374738	IFYFM	3110	0	3110	0
15378936	NONE	4299	0	4299	0
15379182	BOTH	10987	0	10987	0
15379904	NONE	7095	1508	8345	0
15380207	FMIFY	15115	0	15115	0
15381868	NONE	436	6663	451	0
15385030	NONE	8358	0	8358	0
15387117	NONE	109	4779	110	0
15387516	BOTH	11840	597	13665	0
15391447	FMIFY	4886	538	6152	0
15391752	NONE	11316	895	13007	0
15393168	IFYFM	19974	2397	20000	0
15393582	NONE	127	0	127	0
15396020	NONE	92	1315	97	0
15397465	NONE	110786	8108	114052	0
15397932	IFYFM	8276	0	8276	0
15398462	FMIFY	1241	206	2411	0
15401242	NONE	24882	0	24882	0
15403284	FMIFY	12451	0	12451	0
15403717	IFYFM	1853	0	1853	0
15404626	BOTH	5829	522	6729	0
15406238	NONE	19983	6612	20000	0
15406575	IFYFM	12067	1368	12429	0
15407862	BOTH	3076	0	3076	0
15410116	BOTH	15444	0	15444	0
15410671	NONE	35	0	35	0
15416199	NONE	541	2733	545	0
15417402	NONE	3484	0	3484	0
15417655	BOTH	7491	540	9141	0
15417706	NONE	334	2147	342	0
15418533	FMIFY	50000	0	50000	0
15418624	BOTH	9733	555	12052	0
15420340	NONE	545	943	1014	0
15422705	FMIFY	47030	2616	52707	0
15423477	NONE	31	0	31	0
15424778	NONE	5566	0	5566	0
15426495	NONE	110	5148	153	0
15427211	NONE	4224	0	4224	0
15427823	NONE	16257	721	17509	0
15431373	NONE	8	1539	9	0
15432065	BOTH	23643	995	27536	0
15433092	NONE	74967	3598	75000	0
15434044	BOTH	12497	0	12497	0
15434432	NONE	775	5372	807	0
15434773	FMIFY	2919	224	4206	0
15436359	FMIFY	2798	184	3677	0
15436493	FMIFY	4353	1051	6556	0
15437774	FMIFY	28350	2793	34348	0
15438786	NONE	5178	1185	8144	0
15439395	NONE	50472	4387	51708	0
15440730	BOTH	6910	241	7945	0
15440770	BOTH	7999	543	9642	0
15443101	NONE	75000	0	75000	0
15443492	NONE	4093	559	5479	0
15444746	BOTH	26663	0	26663	0
15445240	BOTH	35000	0	35000	0
15445311	IFYFM	6697	466	8137	0
15446757	IFYFM	9786	0	9786	0
15450020	NONE	630	1353	751	0
15451615	NONE	4233	0	4233	0
15451854	BOTH	17021	0	17021	0
15452859	NONE	22131	1693	24746	0
15454838	NONE	2901	0	2901	0
15458652	FMIFY	3919	787	6526	0
15461920	NONE	47	1381	48	0
15462274	NONE	284	0	284	0
15462899	IFYFM	1684	1151	3757	0
15464038	FMIFY	45000	0	45000	0
15465963	FMIFY	64012	0	64012	0
15466692	NONE	3686	0	3686	0
15467522	NONE	4987	1276	5000	0
15468231	NONE	258	2136	336	0
15470209	FMIFY	103984	2353	109562	0
15470337	BOTH	8931	0	8931	0
15470403	NONE	15825	513	17300	0
15473828	NONE	6214	0	6214	0
15474494	FMIFY	1742	841	3783	0
15475578	FMIFY	44071	0	44071	0
15476099	IFYFM	12463	0	12463	0
15476306	FMIFY	6120	181	7184	0
15476727	FMIFY	4507	322	5614	0
15481843	NONE	476	0	476	0
15483316	BOTH	6876	281	7787	0
15484885	NONE	30811	0	30811	0
15486271	IFYFM	9778	0	9778	0
15487646	NONE	5659	0	5659	0
15487691	IFYFM	14802	0	14802	0
15488145	NONE	18114	0	18114	0
15488240	BOTH	11871	0	11871	0
15489652	NONE	1382	734	3287	0
15492329	BOTH	11652	711	13789	0
15492791	FMIFY	14931	0	14931	0
15493092	NONE	3986	234	5091	0
15494387	NONE	8620	0	8620	0
15494882	BOTH	10239	0	10239	0
15497480	NONE	43565	6302	45327	0
15498237	NONE	11441	0	11441	0
15501042	BOTH	23550	0	23550	0
15503924	NONE	2974	0	2974	0
15504485	NONE	4568	325	5664	0
15504892	NONE	1842	1234	3136	0
15508743	FMIFY	115977	4501	123708	0
15510756	FMIFY	44514	1683	47233	0
15513609	IFYFM	25000	0	25000	0
15514759	NONE	9516	0	9516	0
15515239	NONE	2051	1212	4044	0
15515656	NONE	114	2455	114	0
15517751	IFYFM	6670	662	8203	0
15518629	NONE	26855	0	26855	0
15519293	BOTH	26990	766	28598	0
15521257	FMIFY	9191	1043	12595	0
15523374	NONE	9922	0	9922	0
15526533	FMIFY	46505	0	46505	0
15527019	FMIFY	10377	695	13030	0
15529737	NONE	121	0	121	0
15532739	NONE	707	0	707	0
15533644	NONE	28	2248	28	0
15538028	BOTH	28632	616	29759	0
15542781	IFYFM	4999	0	4999	0
15544422	NONE	270	0	270	0
15548766	BOTH	4511	924	6329	0
15549496	NONE	483	3578	498	0
15550236	BOTH	2872	0	2872	0
15551097	NONE	408	2681	498	0
15552693	BOTH	16065	1011	20739	0
15554127	NONE	60613	0	60613	0
15554547	IFYFM	925	2593	1261	0
15556215	FMIFY	8328	0	8328	0
15559831	FMIFY	40967	0	40967	0
15561794	FMIFY	6981	890	8909	0
15565576	NONE	10000	0	10000	0
15565703	NONE	74979	2904	75000	0
15569613	NONE	10730	1153	11686	0
15570983	BOTH	12470	0	12470	0
15571428	NONE	71	2615	73	0
15573322	FMIFY	5673	1614	8101	0
15574120	BOTH	3210	0	3210	0
15575300	NONE	9531	589	12078	0
15575900	NONE	3818	342	4837	0
15577007	BOTH	3870	510	5266	0
15577585	NONE	44	0	44	0
15580305	FMIFY	5668	0	5668	0
15580975	BOTH	8885	0	8885	0
15582892	NONE	8804	0	8804	0
15585369	NONE	5656	656	7370	0
15587456	BOTH	10532	0	10532	0
15590944	NONE	6164	0	6164	0
15592474	FMIFY	3643	0	3643	0
15592692	IFYFM	7101	226	8189	0
15594674	NONE	442	0	442	0
15596259	FMIFY	1276	792	3227	0
15598519	NONE	2766	0	2766	0
15600217	NONE	69819	17482	70000	0
15600471	IFYFM	9292	2672	9296	0
15601656	IFYFM	18875	0	18875	0
15603470	BOTH	5028	591	6867	0
15603657	FMIFY	8465	446	10361	0
15603965	NONE	193	4806	206	0
15604385	BOTH	13717	1509	18496	0
15605342	NONE	15607	2036	17383	0
15613727	FMIFY	11369	0	11369	0
15614998	FMIFY	33219	1938	35976	0
15615814	BOTH	35000	0	35000	0
15616612	FMIFY	5825	1058	8664	0
15620365	BOTH	11859	434	13143	0
15620827	NONE	75	1671	87	0
15621623	IFYFM	8385	0	8385	0
15623837	NONE	1913	743	3725	0
15627485	NONE	5464	0	5464	0
15627955	NONE	1525	2638	1552	0
15628017	FMIFY	6629	816	9519	0
15631007	NONE	5315	0	5315	0
15633107	FMIFY	4726	0	4726	0
15634155	BOTH	9668	550	11062	0
15634645	FMIFY	51798	5323	54647	0
15637079	IFYFM	5482	0	5482	0
15637125	NONE	9842	4593	10000	0
15637825	NONE	90	0	90	0
15639019	NONE	1749	1660	1775	0
15641893	NONE	11616	2654	12684	0
15645474	NONE	28187	1836	31662	0
15646896	IFYFM	6524	327	7432	0
15649399	IFYFM	8251	0	8251	0
15650754	NONE	5952	0	5952	0
15652066	NONE	117	0	117	0
15652389	NONE	9715	0	9715	0
15654120	NONE	1636	763	3376	0
15655479	NONE	6048	956	8564	0
15657528	NONE	888	2061	914	0
15660836	FMIFY	4601	869	7488	0
15661294	NONE	107	1159	119	0
15661604	NONE	790	1077	865	0
15662682	NONE	88	2099	92	0
15663098	IFYFM	5158	0	5158	0
15664977	BOTH	17001	679	19350	0
15665710	NONE	3799	0	3799	0
15670515	NONE	6016	0	6016	0
15670761	BOTH	4938	514	6805	0
15671356	NONE	3165	0	3165	0
15674143	NONE	10556	766	13834	0
15674210	NONE	19	2176	19	0
15674709	FMIFY	5374	0	5374	0
15675187	FMIFY	7887	0	7887	0
15676492	NONE	31800	270	32982	0
15677183	NONE	18	2468	21	0
15677815	BOTH	19912	0	19912	0
15678150	IFYFM	8016	944	8527	0
15680614	FMIFY	39787	0	39787	0
15681374	FMIFY	6665	0	6665	0
15681992	NONE	3531	950	6034	0
15684121	BOTH	10922	1353	14280	0
15685057	IFYFM	10576	0	10576	0
15685085	FMIFY	11614	1049	15637	0
15685236	BOTH	25670	0	25670	0
15686762	BOTH	7734	1739	12727	0
15688773	BOTH	11166	0	11166	0
15689047	NONE	186	3151	342	0
15689092	FMIFY	5268	461	6634	0
15689112	FMIFY	4719	473	6036	0
15689313	BOTH	19780	395	20819	0
15689768	NONE	9003	1603	10000	0
15691098	FMIFY	3059	223	4438	0
15691796	NONE	6007	2818	7783	0
15693875	BOTH	3477	265	4662	0
15695138	FMIFY	3570	0	3570	0
15695630	NONE	26	4872	28	0
15696623	NONE	2794	785	3605	0
15699281	NONE	10213	413	12054	0
15704986	NONE	60	0	60	0
15705437	NONE	353	0	353	0
15707585	NONE	6002	311	7003	0
15707842	IFYFM	16416	0	16416	0
15708087	NONE	55	5331	61	0
15708276	BOTH	8209	1136	10676	0
15709538	BOTH	4606	0	4606	0
15710384	IFYFM	9660	1090	9664	0
15710826	BOTH	16849	530	18547	0
15717516	BOTH	18469	0	18469	0
15717559	BOTH	7814	306	9167	0
15717762	NONE	2665	828	4486	0
15717994	IFYFM	9114	699	10466	0
15722925	IFYFM	1907	349	2693	0
15724505	NONE	16398	800	18994	0
15724860	NONE	1867	982	3480	0
15726358	NONE	75000	0	75000	0
15729205	IFYFM	7688	1090	8401	0
15729760	FMIFY	58878	0	58878	0
15729823	BOTH	6260	302	7568	0
15731049	NONE	18021	1314	23052	0
15732153	BOTH	17352	0	17352	0
15732867	BOTH	8305	672	10240	0
15734464	NONE	40000	0	40000	0
15735125	BOTH	27438	1022	29971	0
15735836	BOTH	5640	626	7508	0
15736470	BOTH	10287	478	11382	0
15736656	NONE	33244	0	33244	0
15742947	BOTH	1852	269	2754	0
15743570	NONE	40937	712	44650	0
15744281	NONE	9494	454	10616	0
15745139	NONE	24196	2591	25355	0
15746084	NONE	29166	4014	31102	0
15746214	IFYFM	9999	1909	10000	0
15746459	FMIFY	2403	328	3628	0
15746647	BOTH	16043	0	16043	0
15748073	IFYFM	1632	0	1632	0
15749322	IFYFM	23167	0	23167	0
15750456	BOTH	5159	924	8497	0
15750788	NONE	6191	4528	6324	0
15750885	BOTH	9698	443	11150	0
15751467	BOTH	8140	621	9985	0
15754891	FMIFY	7778	197	8873	0
15757957	NONE	4953	0	4953	0
15758788	IFYFM	2616	905	3320	0
15759513	BOTH	28134	992	31478	0
15764490	NONE	7463	255	9467	0
15766263	FMIFY	13265	787	16950	0
15766348	NONE	15581	0	15581	0
15766453	FMIFY	9063	1420	12007	0
15766775	FMIFY	6966	0	6966	0
15767403	FMIFY	55060	0	55060	0
15768216	NONE	15000	0	15000	0
15768401	FMIFY	27684	1927	33524	0
15768568	FMIFY	4788	0	4788	0
15768892	BOTH	5497	0	5497	0
15768995	NONE	843	1607	1843	0
15769327	NONE	46771	0	46771	0
15769846	FMIFY	4856	333	5878	0
15770446	NONE	221	16686	313	0
15771146	IFYFM	17797	1311	18559	0
15771212	NONE	5440	0	5440	0
15771623	IFYFM	2578	957	2929	0
15771644	BOTH	19400	1645	23482	0
15772317	BOTH	14321	458	15517	0
15772402	NONE	1955	849	4206	0
15772835	NONE	405	4414	451	0
15773297	IFYFM	16109	3579	18338	0
15773350	FMIFY	6706	347	7968	0
15774048	IFYFM	12204	0	12204	0
15774518	BOTH	3642	237	4683	0
15774593	BOTH	12799	806	15474	0
15775141	BOTH	8116	884	11169	0
15775280	FMIFY	17025	0	17025	0
15776004	FMIFY	11366	576	13093	0
15776432	NONE	3727	0	3727	0
15777543	NONE	3294	644	4024	0
15778101	NONE	5440	0	5440	0
15779252	NONE	14137	0	14137	0
15779581	BOTH	13100	0	13100	0
15780429	BOTH	8454	0	8454	0
15781511	BOTH	19700	1222	23514	0
15784302	NONE	39810	909	41053	0
15785426	IFYFM	2472	0	2472	0
15786091	BOTH	4744	330	6110	0
15786922	NONE	19902	1099	22711	0
15787053	BOTH	12908	700	14621	0
15787200	BOTH	12820	722	14619	0
15789428	IFYFM	2409	0	2409	0
15790717	BOTH	29599	1092	31358	0
15791749	NONE	3250	0	3250	0
15792009	NONE	4128	1514	5987	0
15792075	BOTH	4754	387	5798	0
15792176	BOTH	11861	517	13669	0
15793758	BOTH	7081	447	8934	0
15793787	FMIFY	46296	2559	51867	0
15794195	NONE	48619	1728	55636	0
15794266	FMIFY	3161	706	6427	0
15794753	BOTH	4507	0	4507	0
15796465	FMIFY	2815	371	3754	0
15796986	FMIFY	10042	0	10042	0
15798100	NONE	863	3469	886	0
15798871	NONE	660	0	660	0
15799817	BOTH	14287	0	14287	0
15800758	BOTH	5836	410	7177	0
15800771	IFYFM	2323	546	3181	0
15802466	FMIFY	13292	0	13292	0
15804503	NONE	21420	0	21420	0
15805044	FMIFY	1752	792	3611	0
15805170	IFYFM	4679	432	5361	0
15805381	BOTH	5916	913	8591	0
15805710	IFYFM	23901	3579	25000	0
15807633	BOTH	11147	0	11147	0
15807888	NONE	15	2069	20	0
15808173	BOTH	7608	1396	10448	0
15808293	BOTH	21936	1011	24719	0
15808708	NONE	26901	0	26901	0
15809173	IFYFM	3724	608	4258	0
15810575	BOTH	3780	0	3780	0
15811031	FMIFY	49225	0	49225	0
15811110	IFYFM	7248	1304	8293	0
15811314	NONE	49861	7705	50000	0
15814309	BOTH	4427	303	5413	0
15816164	NONE	48391	0	48391	0
15816264	NONE	69011	8537	75000	0
15817478	FMIFY	12563	444	13667	0
15818676	IFYFM	7179	3588	8956	0
15818759	BOTH	13252	781	15632	0
15819292	BOTH	29803	4575	30000	0
15820371	NONE	112	3500	145	0
15820875	BOTH	17157	585	18611	0
15820887	BOTH	12601	978	15467	0
15821034	NONE	28665	0	28665	0
15821226	NONE	15005	803	18058	0
15821497	FMIFY	7076	0	7076	0
15822191	BOTH	31007	0	31007	0
15822769	NONE	3733	0	3733	0
15825654	FMIFY	2932	178	4064	0
15827026	BOTH	17079	475	18778	0
15827149	BOTH	19868	0	19868	0
15829965	NONE	166	0	166	0
15831093	FMIFY	42629	1363	46479	0
15831817	NONE	47545	3502	55518	0
15832902	IFYFM	14970	5409	15000	0
15834234	BOTH	17214	795	19034	0
15834295	BOTH	11848	1448	16275	0
15836240	NONE	328	0	328	0
15837823	NONE	5703	0	5703	0
15838676	NONE	2306	2583	2349	0
15838679	BOTH	23464	1073	25356	0
15838770	IFYFM	10455	0	10455	0
15839517	NONE	59819	6456	60000	0
15839656	NONE	8016	0	8016	0
15839886	NONE	5	0	5	0
15840278	FMIFY	2277	931	4130	0
15840786	BOTH	8797	438	9955	0
15841258	NONE	13559	0	13559	0
15841925	NONE	16528	0	16528	0
15842676	NONE	43226	643	43663	0
15844156	FMIFY	4193	362	5381	0
15845446	BOTH	13499	0	13499	0
15846056	FMIFY	6854	513	7965	0
15846086	FMIFY	1996	328	3447	0
15846151	NONE	7026	0	7026	0
15846704	NONE	6541	339	7724	0
15848005	NONE	38	3139	44	0
15848800	NONE	842	641	1662	0
15850395	NONE	5707	0	5707	0
15850586	BOTH	9606	981	11982	0
15851296	FMIFY	8240	268	9833	0
15851486	BOTH	4968	445	6784	0
15851948	NONE	322	0	322	0
15852156	IFYFM	6180	857	7990	0
15853572	IFYFM	3304	0	3304	0
15854162	NONE	13412	0	13412	0
15858148	NONE	2908	601	4100	0
15858496	NONE	2888	1331	4843	0
15859039	NONE	49275	0	49275	0
15861655	IFYFM	4763	248	5925	0
15861944	FMIFY	50215	2342	53519	0
15861999	NONE	3362	549	5344	0
15862556	NONE	626	2702	647	0
15862828	BOTH	8650	0	8650	0
15864794	BOTH	4536	0	4536	0
15865514	IFYFM	12569	2774	14960	0
15866947	NONE	30415	0	30415	0
15867041	FMIFY	2026	189	3091	0
15867242	NONE	5191	603	7004	0
15867638	BOTH	12123	885	15135	0
15868542	BOTH	10980	0	10980	0
15868573	BOTH	8709	681	9504	0
15868980	BOTH	10961	620	12987	0
15870923	NONE	42301	1547	47070	0
15874610	FMIFY	6970	206	8247	0
15874829	NONE	122	3233	169	0
15875767	NONE	2504	0	2504	0
15876004	BOTH	12594	539	14630	0
15883118	FMIFY	2865	0	2865	0
15884426	NONE	38	2508	55	0
15886118	BOTH	4628	0	4628	0
15887107	NONE	191	4179	199	0
15888350	BOTH	15254	0	15254	0
15889265	NONE	6436	2855	6860	0
15889297	NONE	3633	426	4653	0
15890520	BOTH	4670	348	5764	0
15890741	IFYFM	4315	625	4805	0
15891352	BOTH	4912	466	5860	0
15893164	BOTH	3801	378	4995	0
15893319	NONE	14324	0	14324	0
15894896	NONE	187	6226	193	0
15896304	FMIFY	69794	0	69794	0
15896379	FMIFY	50000	0	50000	0
15897247	BOTH	10285	611	12460	0
15897727	BOTH	25552	1152	28994	0
15898569	IFYFM	4654	0	4654	0
15898634	NONE	9626	3008	9881	0
15899325	NONE	32379	0	32379	0
15900525	NONE	841	0	841	0
15904125	BOTH	4561	520	6147	0
15904617	BOTH	7191	237	8141	0
15905461	NONE	60042	2674	68032	0
15905575	NONE	3068	977	5000	0
15906381	IFYFM	15601	0	15601	0
15908459	FMIFY	15180	0	15180	0
15908750	FMIFY	3879	0	3879	0
15909533	FMIFY	5916	210	7172	0
15910704	BOTH	15453	715	17989	0
15911726	NONE	1718	756	3539	0
15912508	NONE	43985	2489	45567	0
15913295	NONE	9185	3823	9311	0
15914904	NONE	10623	0	10623	0
15916406	BOTH	9086	385	9936	0
15916681	BOTH	18708	0	18708	0
15919836	IFYFM	7620	0	7620	0
15922833	NONE	5033	545	6227	0
15923445	NONE	65000	0	65000	0
15924774	BOTH	13752	420	14616	0
15925352	NONE	55	4857	60	0
15930817	NONE	5794	778	7512	0
15933218	NONE	22886	0	22886	0
15933387	NONE	38	0	38	0
15934889	FMIFY	44779	2727	45000	0
15934899	BOTH	12488	587	14580	0
15935304	IFYFM	13755	0	13755	0
15935706	NONE	369	0	369	0
15937762	IFYFM	5325	0	5325	0
15938851	FMIFY	2658	239	3476	0
15941591	NONE	26016	952	28914	0
15941796	NONE	51	1379	62	0
15941926	NONE	1443	1126	2139	0
15943859	BOTH	4631	0	4631	0
15944746	NONE	37	0	37	0
15945733	NONE	3358	0	3358	0
15947185	NONE	70000	0	70000	0
15949132	BOTH	8406	0	8406	0
15951028	NONE	28801	1491	32884	0
15951782	FMIFY	13761	447	15339	0
15953602	NONE	10768	0	10768	0
15953625	BOTH	29482	712	31764	0
15955970	NONE	3653	0	3653	0
15958067	IFYFM	4490	0	4490	0
15959560	NONE	75000	0	75000	0
15962521	FMIFY	8964	729	11947	0
15963391	FMIFY	7505	340	9489	0
15966535	FMIFY	8182	0	8182	0
15966576	NONE	343	2266	355	0
15966732	FMIFY	6514	623	8792	0
15967758	NONE	965	1737	1109	0
15968682	BOTH	9966	520	11702	0
15970647	IFYFM	5000	0	5000	0
15971132	BOTH	19019	0	19019	0
15971888	NONE	4091	0	4091	0
15976584	NONE	12709	4266	14844	0
15977854	BOTH	15675	454	16836	0
15979423	BOTH	12242	0	12242	0
15979865	BOTH	8543	0	8543	0
15983316	NONE	12485	0	12485	0
15985159	IFYFM	7658	1176	8912	0
15985348	NONE	3732	327	5194	0
15987693	FMIFY	7263	0	7263	0
15989881	NONE	3274	0	3274	0
15991049	NONE	75000	0	75000	0
15991543	NONE	8956	0	8956	0
15991924	BOTH	3662	650	5265	0
15992301	NONE	46	0	46	0
15992341	NONE	6284	1200	8543	0
15993443	FMIFY	1647	696	3586	0
15993979	NONE	34	0	34	0
15995019	BOTH	4985	0	4985	0
15997453	BOTH	4735	1661	7511	0
16000551	BOTH	11553	493	14137	0
16000980	NONE	14719	2214	16672	0
16001357	NONE	2604	0	2604	0
16005131	NONE	19960	0	19960	0
16005254	IFYFM	5526	0	5526	0
16007558	BOTH	2956	256	3938	0
16009740	NONE	12569	592	14994	0
16010099	IFYFM	7765	1829	10161	0
16014000	IFYFM	4752	0	4752	0
16016180	NONE	80	5034	82	0
16016978	IFYFM	1448	433	2286	0
16017560	BOTH	3200	230	4192	0
16017739	NONE	5273	661	5885	0
16022682	NONE	72627	1502	75000	0
16022985	BOTH	5899	326	7060	0
16024218	NONE	8182	0	8182	0
16024250	BOTH	6396	647	8495	0
16025396	IFYFM	7714	439	9061	0
16025429	IFYFM	1918	320	3423	0
16025908	NONE	1383	605	2830	0
16030414	BOTH	5200	330	6374	0
16030913	BOTH	4817	0	4817	0
16033158	FMIFY	7856	0	7856	0
16035613	NONE	232	0	232	0
16036766	FMIFY	3720	0	3720	0
16037760	BOTH	10248	0	10248	0
16038571	NONE	32029	1213	36532	0
16042788	NONE	31764	1024	34936	0
16044047	FMIFY	12340	0	12340	0
16044312	NONE	7218	0	7218	0
16046258	NONE	39911	0	39911	0
16048575	BOTH	26688	0	26688	0
16049877	NONE	5000	0	5000	0
16050032	NONE	1444	5039	1797	0
16051471	NONE	17747	0	17747	0
16054965	NONE	11	2009	13	0
16056120	NONE	1989	274	2938	0
16057085	BOTH	8544	438	10224	0
16059791	NONE	1059	0	1059	0
16060529	NONE	1798	759	3904	0
16061242	NONE	50000	0	50000	0
16061688	BOTH	29978	0	29978	0
16063494	FMIFY	7887	620	9763	0
16067166	NONE	7831	680	9705	0
16067869	NONE	1287	1188	2382	0
16068747	BOTH	3663	656	5669	0
16069531	NONE	1402	1038	1441	0
16070016	NONE	12185	1261	14880	0
16070668	NONE	220	0	220	0
16072787	NONE	1834	474	3226	0
16081309	NONE	9691	0	9691	0
16081399	IFYFM	22981	1080	25130	0
16082724	NONE	4536	0	4536	0
16082844	NONE	25848	4076	30000	0
16083377	FMIFY	31025	0	31025	0
16088048	BOTH	31691	0	31691	0
16088081	BOTH	7755	398	9291	0
16088171	NONE	2436	1091	3951	0
16089654	IFYFM	10440	0	10440	0
16092909	NONE	3620	349	5139	0
16094099	NONE	1032	0	1032	0
16095042	BOTH	15086	0	15086	0
16097029	NONE	4651	0	4651	0
16099178	NONE	94	0	94	0
16099795	BOTH	3665	271	4947	0
16100318	NONE	3221	0	3221	0
16100711	BOTH	18379	0	18379	0
16102437	BOTH	28775	0	28775	0
16103834	IFYFM	5000	0	5000	0
16104658	FMIFY	2034	614	4625	0
16106523	FMIFY	7507	538	9929	0
16106908	NONE	1612	705	3488	0
16107463	NONE	2861	1036	4424	0
16108468	NONE	50000	0	50000	0
16108888	FMIFY	15749	1039	19425	0
16109012	IFYFM	5529	638	7600	0
16109542	NONE	5645	0	5645	0
16111612	NONE	66	0	66	0
16114802	IFYFM	4450	0	4450	0
16114956	BOTH	7234	646	9158	0
16121332	NONE	258	0	258	0
16121490	NONE	55	2516	56	0
16122121	NONE	8175	1958	10110	0
16124797	BOTH	7544	0	7544	0
16125295	FMIFY	5679	574	7194	0
16127669	NONE	34992	3095	35000	0
16127764	FMIFY	6708	859	9887	0
16129601	BOTH	4762	433	6079	0
16131915	IFYFM	1179	836	1682	0
16131988	BOTH	24418	862	26625	0
16135162	NONE	5893	0	5893	0
16136799	NONE	38724	0	38724	0
16137808	BOTH	5730	0	5730	0
16138224	FMIFY	3183	417	5029	0
16142325	NONE	14987	3967	15000	0
16146688	BOTH	19345	0	19345	0
16147523	FMIFY	14289	0	14289	0
16148988	FMIFY	13526	732	15962	0
16151213	NONE	3793	0	3793	0
16153766	NONE	6533	0	6533	0
16153996	NONE	19956	4588	22546	0
16156302	NONE	10070	0	10070	0
16158657	NONE	4513	0	4513	0
16162722	FMIFY	1362	280	2649	0
16163761	NONE	20747	1721	25267	0
16170038	BOTH	3796	667	5136	0
16170787	IFYFM	6695	812	9228	0
16174288	NONE	13468	0	13468	0
16178737	NONE	196	0	196	0
16179886	BOTH	12792	1917	17307	0
16182721	NONE	3727	667	5084	0
16183814	NONE	309	2276	313	0
16184082	BOTH	3555	0	3555	0
16191911	NONE	3164	0	3164	0
16194172	FMIFY	5555	0	5555	0
16197457	BOTH	4445	0	4445	0
16197737	NONE	1596	1533	1610	0
16197852	FMIFY	3700	291	5185	0
16197916	BOTH	3787	336	4494	0
16198878	NONE	65	4611	69	0
16201510	NONE	9296	0	9296	0
16202612	NONE	17070	0	17070	0
16204137	NONE	4279	0	4279	0
16207991	BOTH	15639	679	18176	0
16209040	NONE	2379	633	3040	0
16209656	NONE	4934	263	6321	0
16210441	IFYFM	6508	0	6508	0
16210967	IFYFM	1392	985	3687	0
16210992	NONE	2025	210	2950	0
16213621	FMIFY	29232	0	29232	0
16213875	NONE	41	2254	42	0
16215519	NONE	5254	0	5254	0
16215943	BOTH	24272	1284	27353	0
16216095	BOTH	21695	0	21695	0
16217644	BOTH	6272	262	7170	0
16220495	FMIFY	3231	0	3231	0
16222574	FMIFY	35000	0	35000	0
16224562	FMIFY	2496	245	3322	0
16224820	IFYFM	7928	1063	9786	0
16224827	NONE	3978	340	5158	0
16227386	IFYFM	15165	0	15165	0
16234345	NONE	11704	0	11704	0
16238592	BOTH	12794	318	13914	0
16240804	FMIFY	3531	0	3531	0
16240984	NONE	1294	2024	2311	0
16241626	NONE	1336	0	1336	0
16251338	NONE	1838	827	3772	0
16252536	NONE	153	6967	157	0
16252566	FMIFY	7015	637	9355	0
16253598	IFYFM	8277	0	8277	0
16254876	NONE	10520	0	10520	0
16256611	IFYFM	16178	0	16178	0
16259573	FMIFY	12665	0	12665	0
16260135	NONE	40000	0	40000	0
16261638	FMIFY	75000	0	75000	0
16263215	FMIFY	8578	919	10812	0
16264088	FMIFY	42458	0	42458	0
16264718	NONE	86177	1331	91418	0
16264982	BOTH	7637	971	10131	0
16265566	FMIFY	5380	0	5380	0
16265869	NONE	39922	11079	40000	0
16266522	FMIFY	3009	0	3009	0
16266663	FMIFY	30342	2372	36783	0
16266770	FMIFY	9342	391	11449	0
16268411	IFYFM	6635	2258	7233	0
16270580	NONE	24573	0	24573	0
16271213	FMIFY	1297	683	3159	0
16272650	FMIFY	75000	0	75000	0
16273144	NONE	75000	0	75000	0
16274613	IFYFM	1235	835	2821	0
16275014	NONE	8294	0	8294	0
16277192	IFYFM	3523	616	4549	0
16278748	IFYFM	12354	0	12354	0
16279094	BOTH	5315	0	5315	0
16281700	NONE	3530	664	5316	0
16282385	BOTH	11965	0	11965	0
16284455	IFYFM	2801	0	2801	0
16286921	BOTH	9030	653	10487	0
16288983	BOTH	7651	448	9527	0
16294239	BOTH	20472	1909	25686	0
16294267	FMIFY	73784	7334	75000	0
16295740	BOTH	3749	0	3749	0
16297082	NONE	47269	1106	51214	0
16298036	BOTH	18518	0	18518	0
16298939	BOTH	17143	1334	21450	0
16301273	NONE	214	4649	227	0
16304357	NONE	6529	0	6529	0
16305316	FMIFY	3990	0	3990	0
16305638	BOTH	11869	354	12802	0
16307887	BOTH	26561	774	27900	0
16309140	NONE	10920	221	12199	0
16310514	IFYFM	9777	1779	11565	0
16311141	FMIFY	14454	0	14454	0
16313896	FMIFY	5951	467	7390	0
16314194	FMIFY	7098	0	7098	0
16317694	NONE	24723	834	26893	0
16319606	BOTH	11809	804	13894	0
16319771	IFYFM	12771	0	12771	0
16323998	NONE	3977	0	3977	0
16325201	BOTH	8917	0	8917	0
16325332	BOTH	18727	384	20050	0
16326131	BOTH	14177	0	14177	0
16328566	NONE	10469	0	10469	0
16333033	FMIFY	6280	0	6280	0
16333183	NONE	34164	2153	39519	0
16334457	NONE	729	0	729	0
16337319	BOTH	7641	0	7641	0
16337697	BOTH	27045	652	28551	0
16339226	NONE	5147	1061	6496	0
16341388	BOTH	6940	0	6940	0
16347962	NONE	963	469	1670	0
16349422	FMIFY	5832	0	5832	0
16354755	FMIFY	37796	0	37796	0
16356230	BOTH	5929	322	6976	0
16356692	FMIFY	9557	0	9557	0
16356833	NONE	4608	1119	5063	0
16356887	BOTH	29864	947	32667	0
16358038	FMIFY	7710	904	10563	0
16358849	IFYFM	15000	0	15000	0
16358919	FMIFY	5930	527	7540	0
16360046	FMIFY	108917	803	110543	0
16360529	BOTH	11326	260	12176	0
16361362	BOTH	7978	266	8963	0
16365251	BOTH	6844	0	6844	0
16367163	IFYFM	1734	0	1734	0
16367571	NONE	12723	1021	14134	0
16374678	NONE	44434	1232	45000	0
16376192	NONE	216	0	216	0
16376531	BOTH	7542	853	10527	0
16376689	BOTH	29467	0	29467	0
16377356	FMIFY	7874	0	7874	0
16377431	BOTH	10657	688	12408	0
16377749	NONE	20430	0	20430	0
16379865	FMIFY	20649	904	22965	0
16379892	NONE	24988	7442	25000	0
16380475	BOTH	5216	1017	7705	0
16381653	NONE	5249	0	5249	0
16383523	FMIFY	55000	0	55000	0
16388295	NONE	41	4324	45	0
16388541	NONE	11409	356	12419	0
16388972	FMIFY	54944	11251	55000	0
16389902	FMIFY	12359	468	14005	0
16392526	BOTH	10941	827	13694	0
16396652	FMIFY	4725	314	5912	0
16397621	NONE	12772	0	12772	0
16398028	BOTH	2691	293	3598	0
16398216	FMIFY	21906	1024	25469	0
16402216	NONE	2670	0	2670	0
16402471	NONE	1242	1447	2486	0
16404741	NONE	28035	0	28035	0
16404939	FMIFY	35770	2243	40645	0
16408253	BOTH	29356	587	30874	0
16409683	NONE	39955	11793	40000	0
16411361	IFYFM	4136	0	4136	0
16412367	FMIFY	3045	0	3045	0
16412730	FMIFY	1983	0	1983	0
16412744	NONE	32304	912	38910	0
16413061	IFYFM	19935	7994	20000	0
16416252	BOTH	18857	863	21607	0
16416273	NONE	1499	798	3112	0
16418566	NONE	3328	0	3328	0
16418966	FMIFY	20846	0	20846	0
16419153	IFYFM	11321	522	13212	0
16419564	NONE	8554	0	8554	0
16420618	FMIFY	3506	0	3506	0
16421422	FMIFY	3789	376	5516	0
16422334	BOTH	18808	0	18808	0
16426698	IFYFM	9992	3790	10000	0
16427587	BOTH	6332	0	6332	0
16427685	BOTH	6293	1133	9439	0
16428462	FMIFY	3139	0	3139	0
16429399	BOTH	8291	0	8291	0
16429977	NONE	105000	0	105000	0
16431351	FMIFY	7394	303	9460	0
16431844	NONE	863	3263	890	0
16433133	BOTH	13237	0	13237	0
16436120	NONE	3479	240	4470	0
16437619	FMIFY	51039	0	51039	0
16437978	NONE	6978	258	7868	0
16438074	NONE	10563	905	13898	0
16438083	NONE	578	4653	597	0
16438898	NONE	51277	0	51277	0
16440342	BOTH	8435	579	10744	0
16440437	NONE	81	0	81	0
16440805	BOTH	18007	599	19996	0
16440933	BOTH	4965	290	5977	0
16442263	FMIFY	3865	0	3865	0
16442847	FMIFY	13494	0	13494	0
16446761	IFYFM	10246	2134	12164	0
16447681	NONE	3290	194	4344	0
16447796	FMIFY	4225	232	5535	0
16454081	BOTH	8249	405	9583	0
16456876	NONE	122	3152	195	0
16457121	BOTH	6580	0	6580	0
16457418	BOTH	12486	0	12486	0
16457879	NONE	1419	246	2322	0
16458689	NONE	55	5011	56	0
16459176	BOTH	9605	0	9605	0
16463635	NONE	15	1164	18	0
16465359	NONE	92250	3287	95000	0
16465409	BOTH	25708	815	28683	0
16467958	NONE	5540	1003	5906	0
16469076	BOTH	4648	0	4648	0
16469917	NONE	3426	710	4721	0
16470944	BOTH	7526	334	8371	0
16472219	NONE	150	0	150	0
16474601	IFYFM	4114	1867	5236	0
16474689	NONE	3456	0	3456	0
16476408	BOTH	4069	268	5008	0
16476885	IFYFM	1174	1320	2749	0
16476911	IFYFM	11075	870	11715	0
16476928	FMIFY	5428	444	6977	0
16478093	NONE	17472	403	18805	0
16480987	NONE	7743	750	8945	0
16481781	NONE	75000	0	75000	0
16483016	FMIFY	13259	861	14839	0
16484687	IFYFM	1641	2059	2629	0
16487447	FMIFY	48860	4398	55000	0
16488147	NONE	49623	0	49623	0
16489466	NONE	8321	524	10252	0
16492295	FMIFY	60000	0	60000	0
16492753	IFYFM	11624	0	11624	0
16493630	IFYFM	16071	0	16071	0
16494321	NONE	31026	1817	32263	0
16497424	BOTH	11315	490	13164	0
16498622	IFYFM	11106	677	12551	0
16498824	BOTH	9279	979	11969	0
16498848	BOTH	29965	3237	30000	0
16501148	BOTH	18690	0	18690	0
16501262	FMIFY	31446	0	31446	0
16501812	FMIFY	5630	595	7617	0
16503460	NONE	43054	0	43054	0
16503799	BOTH	9240	724	12286	0
16505432	BOTH	17565	645	19573	0
16505767	IFYFM	11396	301	12495	0
16505825	BOTH	10075	834	12740	0
16510348	NONE	2486	1079	4446	0
16511710	IFYFM	6816	0	6816	0
16513663	NONE	2907	1638	3811	0
16513931	NONE	28600	1558	29090	0
16514006	FMIFY	1634	326	3004	0
16514291	NONE	1750	338	2841	0
16518232	NONE	11133	0	11133	0
16519104	BOTH	25615	1303	27895	0
16519111	FMIFY	7224	490	8147	0
16519392	BOTH	6129	222	7158	0
16527254	NONE	6493	627	8372	0
16528163	FMIFY	11545	642	13745	0
16528682	BOTH	6723	729	9176	0
16528902	NONE	2141	688	4069	0
16529999	NONE	1875	637	3921	0
16530660	NONE	22157	0	22157	0
16530859	NONE	7	2792	10	0
16535231	NONE	1918	2435	2453	0
16539180	NONE	3247	0	3247	0
16539573	NONE	33381	6567	38307	0
16540406	NONE	9732	8018	9998	0
16543026	BOTH	5108	658	6837	0
16549280	NONE	1573	778	3339	0
16549381	BOTH	27645	1084	31755	0
16551716	NONE	2011	931	3640	0
16551746	BOTH	17381	1300	21161	0
16552434	BOTH	28852	0	28852	0
16553149	BOTH	6632	309	8006	0
16555744	NONE	6244	395	7254	0
16556652	NONE	16	0	16	0
16557087	NONE	27656	0	27656	0
16557145	NONE	2129	1771	3020	0
16557449	BOTH	25536	893	27830	0
16558664	IFYFM	5000	0	5000	0
16564528	BOTH	18385	1305	20945	0
16564631	NONE	21728	0	21728	0
16565908	BOTH	10310	0	10310	0
16567134	IFYFM	10000	0	10000	0
16568227	NONE	2827	0	2827	0
16569530	NONE	51563	0	51563	0
16569833	BOTH	9061	0	9061	0
16572344	FMIFY	5468	749	7833	0
16574280	FMIFY	7302	0	7302	0
16574990	BOTH	24685	0	24685	0
16577016	FMIFY	1987	277	3318	0
16578775	NONE	2370	0	2370	0
16579881	BOTH	12528	641	15289	0
16580474	FMIFY	42855	651	44152	0
16581719	NONE	6090	908	7045	0
16582932	NONE	4707	0	4707	0
16583683	FMIFY	1724	711	3575	0
16584099	BOTH	22494	687	24438	0
16586642	FMIFY	10490	0	10490	0
16586832	IFYFM	2016	0	2016	0
16588947	BOTH	17715	0	17715	0
16590125	FMIFY	3723	300	5470	0
16590240	IFYFM	4426	421	5398	0
16591419	BOTH	10815	407	11918	0
16591424	NONE	20000	0	20000	0
16591984	NONE	22210	0	22210	0
16593035	BOTH	8769	0	8769	0
16593287	NONE	21142	1601	26068	0
16593629	NONE	9996	2519	10000	0
16595690	FMIFY	6733	0	6733	0
16596612	BOTH	15330	0	15330	0
16598105	BOTH	13897	730	16637	0
16600471	FMIFY	5713	0	5713	0
16603962	NONE	14475	0	14475	0
16604218	NONE	4070	240	5114	0
16604423	FMIFY	3674	281	4643	0
16604706	BOTH	3593	934	6188	0
16605320	FMIFY	5668	458	7058	0
16605600	FMIFY	39972	1998	40000	0
16605875	IFYFM	12827	298	13738	0
16606079	NONE	2594	552	3211	0
16606666	BOTH	13003	0	13003	0
16606885	BOTH	3895	518	5200	0
16608462	BOTH	3254	277	4137	0
16609515	BOTH	6402	0	6402	0
16610342	BOTH	5893	546	7586	0
16610744	BOTH	26235	0	26235	0
16610761	FMIFY	18146	0	18146	0
16612560	FMIFY	16920	541	19378	0
16612910	BOTH	17754	921	20858	0
16613721	NONE	23117	4733	26540	0
16614045	NONE	6543	0	6543	0
16614336	FMIFY	38687	1493	42852	0
16616087	BOTH	14569	0	14569	0
16616570	BOTH	10834	1000	13835	0
16618296	BOTH	11282	0	11282	0
16623759	BOTH	5574	187	6506	0
16624180	IFYFM	19983	7944	20000	0
16624246	NONE	5289	951	5862	0
16627727	FMIFY	42661	1518	45487	0
16630266	FMIFY	75000	0	75000	0
16631557	NONE	17335	0	17335	0
16631968	BOTH	6301	0	6301	0
16632442	NONE	2279	253	3230	0
16634224	FMIFY	13492	0	13492	0
16635956	FMIFY	51653	2567	55892	0
16636702	IFYFM	11525	3015	15000	0
16637471	FMIFY	7911	0	7911	0
16637944	FMIFY	2471	173	3539	0
16638314	NONE	295	2623	299	0
16638937	BOTH	12145	729	14693	0
16640215	NONE	12765	0	12765	0
16640524	NONE	1166	767	3195	0
16641718	IFYFM	9601	0	9601	0
16641739	NONE	2666	961	4792	0
16641947	NONE	3005	369	4390	0
16643682	NONE	1052	1244	1262	0
16648414	FMIFY	49883	7012	50000	0
16650218	NONE	6897	0	6897	0
16651130	NONE	194	1081	213	0
16655930	NONE	7291	0	7291	0
16657645	FMIFY	7215	259	8242	0
16657871	NONE	2731	742	5140	0
16660232	NONE	50	2114	55	0
16662478	IFYFM	15559	0	15559	0
16662627	NONE	77	1610	85	0
16664204	BOTH	4939	0	4939	0
16665229	FMIFY	5056	253	6500	0
16665381	BOTH	5634	420	6845	0
16666847	NONE	9935	2373	13246	0
16668511	BOTH	18489	1415	22128	0
16670260	BOTH	7027	0	7027	0
16670549	NONE	15997	0	15997	0
16674441	NONE	32167	1006	36565	0
16676455	NONE	1498	817	3325	0
16677133	NONE	1593	762	3371	0
16677652	BOTH	3115	908	5696	0
16678888	NONE	8645	762	10871	0
16679215	NONE	4033	878	6838	0
16679786	BOTH	11674	678	13602	0
16679912	BOTH	10180	0	10180	0
16679916	FMIFY	3712	596	5586	0
16680135	NONE	813	2088	1021	0
16684007	FMIFY	67994	0	67994	0
16685791	IFYFM	5000	0	5000	0
16686425	NONE	61517	0	61517	0
16686939	NONE	134	2630	136	0
16688718	NONE	4983	2696	5000	0
16689061	IFYFM	15727	862	18407	0
16690123	NONE	19675	0	19675	0
16690458	BOTH	10956	468	12020	0
16690493	BOTH	8830	351	10293	0
16691237	NONE	922	1644	926	0
16691518	NONE	1979	668	3970	0
16692112	FMIFY	3664	0	3664	0
16692771	NONE	36193	0	36193	0
16695057	BOTH	9594	606	11460	0
16695328	NONE	4447	1113	5000	0
16698331	BOTH	4316	752	6218	0
16698442	BOTH	6987	479	8412	0
16699495	BOTH	33571	268	34404	0
16699496	BOTH	22978	827	25888	0
16700331	NONE	409	0	409	0
16700851	NONE	7767	0	7767	0
16703058	FMIFY	50000	0	50000	0
16703775	BOTH	4588	427	5736	0
16704080	BOTH	3188	0	3188	0
16704472	BOTH	18804	0	18804	0
16705433	BOTH	4605	716	6472	0
16706005	BOTH	4815	744	6580	0
16707362	BOTH	3420	272	4786	0
16708644	BOTH	7853	0	7853	0
16710007	NONE	13	1395	13	0
16711640	NONE	6928	700	9305	0
16712080	NONE	53	2539	53	0
16712984	BOTH	1620	330	2797	0
16714780	BOTH	13079	196	14038	0
16714969	FMIFY	7797	0	7797	0
16715920	IFYFM	591	1021	1832	0
16720708	NONE	13409	0	13409	0
16722365	BOTH	4498	388	5586	0
16723621	NONE	1806	1240	1844	0
16723753	NONE	828	1511	845	0
16724161	BOTH	5218	0	5218	0
16725405	NONE	906	0	906	0
16726509	IFYFM	7518	0	7518	0
16727960	BOTH	9862	0	9862	0
16728976	FMIFY	14877	428	16455	0
16732669	NONE	3602	0	3602	0
16735074	NONE	14438	0	14438	0
16735257	IFYFM	2532	539	3516	0
16735660	BOTH	3685	699	5563	0
16736269	NONE	3663	296	4676	0
16739442	IFYFM	11469	794	15405	0
16739945	NONE	4858	0	4858	0
16740743	NONE	5725	685	7375	0
16741856	IFYFM	14372	0	14372	0
16746457	FMIFY	77707	0	77707	0
16746862	FMIFY	45000	0	45000	0
16747470	BOTH	4948	216	5747	0
16750887	IFYFM	12906	0	12906	0
16751387	FMIFY	5568	661	7272	0
16753196	FMIFY	14009	0	14009	0
16753568	IFYFM	1849	840	2343	0
16754087	NONE	3147	0	3147	0
16765853	NONE	21419	3330	23196	0
16777913	FMIFY	1967	301	2997	0
16781500	BOTH	25473	1151	29038	0
16787071	FMIFY	10938	902	14101	0
16787811	FMIFY	11841	0	11841	0
16788005	NONE	6656	1357	8849	0
16790005	NONE	2519	3612	2557	0
16794609	BOTH	30954	1458	35079	0
16794731	NONE	61003	2231	66830	0
16798740	BOTH	7725	520	9172	0
16804020	BOTH	3094	817	5346	0
16805021	FMIFY	34056	0	34056	0
16806120	BOTH	18266	1165	21837	0
16812041	NONE	9462	2556	9835	0
16812975	IFYFM	5000	0	5000	0
16814727	FMIFY	74977	10866	75000	0
16815446	FMIFY	4387	699	6662	0
16819278	NONE	57346	6563	65000	0
16819918	NONE	135	0	135	0
16823865	FMIFY	2644	243	3932	0
16824146	FMIFY	134991	6411	134999	0
16825468	NONE	16220	0	16220	0
16826254	BOTH	15911	485	17729	0
16826457	NONE	50	8528	69	0
16828065	NONE	3773	0	3773	0
16832044	NONE	25495	1658	28971	0
16834825	BOTH	4431	0	4431	0
16836693	BOTH	5533	0	5533	0
16836914	NONE	27168	0	27168	0
16837019	NONE	14905	0	14905	0
16837360	FMIFY	3078	0	3078	0
16838783	BOTH	20661	0	20661	0
16841655	NONE	382	0	382	0
16842723	BOTH	9099	0	9099	0
16843373	NONE	576	1770	681	0
16844576	BOTH	4354	299	5266	0
16845856	NONE	5545	0	5545	0
16851328	NONE	72	1960	76	0
16851660	NONE	2760	449	3829	0
16852034	NONE	125	2136	136	0
16853485	BOTH	13613	0	13613	0
16855134	NONE	10791	0	10791	0
16855834	BOTH	6882	0	6882	0
16858008	FMIFY	4404	0	4404	0
16860064	BOTH	7991	0	7991	0
16861656	IFYFM	14105	0	14105	0
16862599	BOTH	5909	0	5909	0
16864008	IFYFM	4069	0	4069	0
16865468	NONE	1728	0	1728	0
16865743	IFYFM	5968	362	7255	0
16866092	BOTH	5450	0	5450	0
16866385	NONE	119	1263	127	0
16872081	NONE	40876	0	40876	0
16872524	BOTH	15572	1154	18594	0
16878227	IFYFM	10000	0	10000	0
16879255	NONE	117	1637	117	0
16880685	IFYFM	19495	0	19495	0
16886925	NONE	75000	0	75000	0
16892379	BOTH	7923	0	7923	0
16895448	NONE	7712	756	8492	0
16895897	BOTH	24742	964	26492	0
16896029	NONE	93	2557	95	0
16896699	BOTH	22748	316	23596	0
16897314	BOTH	27440	0	27440	0
16899075	NONE	75000	0	75000	0
16900101	NONE	1219	1342	2540	0
16900850	NONE	25442	1820	26414	0
16901417	NONE	177	2791	181	0
16902045	BOTH	4236	0	4236	0
16903675	IFYFM	11154	0	11154	0
16905483	NONE	21387	0	21387	0
16906042	FMIFY	4812	764	7330	0
16906245	NONE	6	5946	6	0
16907121	NONE	8245	3863	9422	0
16908764	BOTH	14369	907	18041	0
16908775	BOTH	30230	741	31363	0
16910414	NONE	15404	0	15404	0
16912339	FMIFY	5060	334	6653	0
16916369	NONE	1297	0	1297	0
16917010	BOTH	7511	472	9257	0
16917436	IFYFM	3928	1027	4889	0
16918503	BOTH	27430	1282	32611	0
16919026	BOTH	8968	551	12163	0
16920080	IFYFM	4466	0	4466	0
16922916	NONE	3644	0	3644	0
16924832	NONE	14362	2850	15355	0
16925112	BOTH	6024	406	7217	0
16927093	BOTH	7478	497	8971	0
16927181	FMIFY	2151	801	4305	0
16928686	NONE	3658	0	3658	0
16928870	BOTH	30423	1183	34285	0
16929075	FMIFY	8333	0	8333	0
16929452	BOTH	3732	0	3732	0
16930716	NONE	29412	1673	31843	0
16931656	NONE	23	0	23	0
16931711	BOTH	9930	629	12175	0
16932445	IFYFM	19885	4040	20000	0
16936696	NONE	273	0	273	0
16938694	BOTH	12725	1195	16678	0
16938713	NONE	1632	801	3393	0
16940488	FMIFY	13840	1039	17752	0
16942867	NONE	49	0	49	0
16942891	BOTH	19730	487	21150	0
16942907	NONE	13685	2227	14970	0
16943840	BOTH	2305	403	3111	0
16947140	FMIFY	6381	0	6381	0
16948754	BOTH	5475	341	6374	0
16948794	BOTH	7455	648	9301	0
16951178	BOTH	7788	0	7788	0
16952289	FMIFY	4427	300	5629	0
16952864	BOTH	11368	584	13481	0
16953301	BOTH	4334	345	5804	0
16953808	NONE	29986	4822	30000	0
16954214	BOTH	14770	476	16427	0
16954494	BOTH	6209	741	8157	0
16955712	NONE	2649	624	4770	0
16956020	NONE	33313	0	33313	0
16957675	BOTH	12144	0	12144	0
16958136	FMIFY	4805	0	4805	0
16958993	BOTH	22542	939	24597	0
16959231	BOTH	3126	306	4023	0
16960171	NONE	26260	2957	33636	0
16961519	NONE	1907	836	3556	0
16964795	NONE	518	0	518	0
16966928	FMIFY	75000	0	75000	0
16966990	BOTH	3296	550	4670	0
16968801	NONE	4225	759	5643	0
16970852	NONE	3934	0	3934	0
16971411	BOTH	15336	1007	19428	0
16972211	FMIFY	2416	178	3401	0
16972877	NONE	26918	0	26918	0
16981368	BOTH	7280	1024	10127	0
16984020	BOTH	26238	943	27552	0
16984081	FMIFY	4592	536	6024	0
16984407	NONE	500	11936	508	0
16986565	NONE	284	0	284	0
16994661	BOTH	18476	0	18476	0
16995084	NONE	1611	799	3357	0
17000922	BOTH	19129	0	19129	0
17003404	NONE	112	0	112	0
17004286	IFYFM	2672	580	3346	0
17007607	NONE	10256	434	11136	0
17008163	NONE	570	4034	599	0
17008780	NONE	13510	0	13510	0
17011721	FMIFY	6473	0	6473	0
17013393	NONE	1085	0	1085	0
17019296	IFYFM	11399	1877	11408	0
17021705	NONE	201	0	201	0
17021711	NONE	2110	846	4006	0
17024240	BOTH	10581	0	10581	0
17024352	NONE	1971	768	3801	0
17025588	BOTH	15219	0	15219	0
17026091	NONE	21	12314	32	0
17027298	NONE	1788	0	1788	0
17027479	IFYFM	8310	0	8310	0
17028043	NONE	81	0	81	0
17031327	BOTH	4620	0	4620	0
17033125	NONE	29754	0	29754	0
17033708	NONE	28541	0	28541	0
17036218	NONE	7448	2085	7479	0
17037036	BOTH	4866	0	4866	0
17037287	NONE	28	3844	30	0
17038789	BOTH	5078	1070	7534	0
17042924	FMIFY	4452	388	6031	0
17044187	IFYFM	5565	3331	7104	0
17050187	NONE	1666	762	3528	0
17051485	BOTH	5543	0	5543	0
17051710	BOTH	4547	397	5718	0
17059235	NONE	6676	165	7777	0
17059980	NONE	108	0	108	0
17059993	NONE	127	7238	131	0
17060395	BOTH	12697	0	12697	0
17060453	NONE	190	1193	208	0
17061754	NONE	4687	4439	4768	0
17062577	NONE	14941	0	14941	0
17066077	IFYFM	12025	1103	13111	0
17067635	NONE	5798	0	5798	0
17068576	NONE	7752	513	9566	0
17069525	NONE	41727	0	41727	0
17070787	BOTH	29999	6636	30000	0
17070831	FMIFY	8483	0	8483	0
17071512	FMIFY	5532	370	7452	0
17072513	NONE	201	5413	226	0
17072944	IFYFM	1956	2095	2374	0
17073931	BOTH	6068	324	7177	0
17074490	BOTH	15142	0	15142	0
17075555	NONE	64	0	64	0
17076542	NONE	3809	0	3809	0
17077260	FMIFY	35418	0	35418	0
17078632	NONE	21575	0	21575	0
17080547	NONE	2707	0	2707	0
17080910	NONE	107	0	107	0
17081275	NONE	64886	3291	65000	0
17081874	IFYFM	2883	0	2883	0
17082304	NONE	1846	289	3230	0
17086148	BOTH	9081	1371	9671	0
17086556	IFYFM	7456	479	8111	0
17086594	FMIFY	35587	569	36945	0
17086900	IFYFM	6376	7115	6406	0
17091576	BOTH	3694	367	5136	0
17092257	NONE	2483	824	4236	0
17093617	NONE	50000	0	50000	0
17093944	NONE	3507	0	3507	0
17094167	BOTH	19113	0	19113	0
17095317	FMIFY	9079	0	9079	0
17099421	NONE	2705	1572	4306	0
17100255	BOTH	15931	573	17348	0
17105146	IFYFM	3897	238	4720	0
17109455	NONE	3252	0	3252	0
17110544	NONE	8752	725	9884	0
17111803	BOTH	17307	0	17307	0
17112370	NONE	10483	0	10483	0
17115370	BOTH	1935	218	2760	0
17116107	NONE	10212	443	12502	0
17116671	NONE	17701	1751	18427	0
17116782	BOTH	27480	1660	29383	0
17118065	NONE	132	0	132	0
17118903	NONE	49	1248	51	0
17121846	NONE	715	0	715	0
17121920	IFYFM	13871	1382	16131	0
17122106	BOTH	4185	285	5149	0
17124930	NONE	8692	2433	9345	0
17127783	NONE	84	1560	85	0
17128320	FMIFY	12315	0	12315	0
17132118	NONE	1174	1365	2446	0
17132699	NONE	188	0	188	0
17134431	NONE	2441	1661	3328	0
17134985	FMIFY	45945	1925	51432	0
17135925	IFYFM	13143	0	13143	0
17135931	NONE	76	1529	81	0
17136186	IFYFM	5400	900	6271	0
17138222	BOTH	5485	0	5485	0
17138284	FMIFY	1934	785	3944	0
17142836	IFYFM	3322	0	3322	0
17143198	NONE	3438	0	3438	0
17143323	BOTH	11826	385	13276	0
17143787	BOTH	4278	845	6851	0
17144971	BOTH	8177	0	8177	0
17147838	BOTH	22722	0	22722	0
17147872	NONE	4238	726	7177	0
17155901	BOTH	19413	0	19413	0
17156646	NONE	37012	0	37012	0
17156946	BOTH	23309	1435	30921	0
17161347	NONE	298	0	298	0
17162038	BOTH	8433	0	8433	0
17165259	BOTH	15497	0	15497	0
17169012	NONE	5611	882	6852	0
17171293	BOTH	23057	0	23057	0
17172429	IFYFM	20611	0	20611	0
17176218	NONE	4550	1215	5009	0
17176378	BOTH	5787	310	6758	0
17176391	NONE	16588	6988	18067	0
17178018	FMIFY	3749	0	3749	0
17183026	NONE	10777	753	12743	0
17184753	IFYFM	8330	0	8330	0
17187418	NONE	5881	0	5881	0
17188690	NONE	678	902	948	0
17191125	BOTH	14466	821	17300	0
17193751	FMIFY	7629	378	8940	0
17194296	NONE	319	14231	326	0
17195490	NONE	2664	0	2664	0
17198288	NONE	12542	0	12542	0
17201112	BOTH	21571	0	21571	0
17202671	FMIFY	2649	411	3974	0
17206150	NONE	23352	0	23352	0
17207110	FMIFY	5415	0	5415	0
17207406	NONE	14315	0	14315	0
17214019	BOTH	10528	691	12475	0
17224637	BOTH	5094	476	7241	0
17225002	NONE	16851	0	16851	0
17225939	IFYFM	15940	0	15940	0
17226451	BOTH	5511	589	7168	0
17232810	FMIFY	1666	725	3634	0
17236071	IFYFM	2760	0	2760	0
17238448	BOTH	7599	0	7599	0
17238928	FMIFY	1705	678	3515	0
17242377	FMIFY	22448	0	22448	0
17242874	NONE	44988	9678	45000	0
17243213	NONE	19739	378	21194	0
17243913	NONE	40684	5971	44109	0
17245821	NONE	1159	404	1903	0
17248079	NONE	11377	0	11377	0
17248244	BOTH	5807	0	5807	0
17249756	BOTH	5396	1029	8560	0
17251511	NONE	6712	0	6712	0
17257528	NONE	44	0	44	0
17257624	NONE	1630	709	3378	0
17259201	NONE	4955	377	7013	0
17259927	BOTH	3062	0	3062	0
17260743	BOTH	12594	833	15914	0
17262072	IFYFM	4002	815	4272	0
17262936	BOTH	11493	514	14159	0
17264713	BOTH	4465	0	4465	0
17264940	NONE	418	2410	563	0
17266502	BOTH	25096	0	25096	0
17266856	NONE	635	0	635	0
17270716	BOTH	22783	0	22783	0
17275086	BOTH	5052	338	6173	0
17279360	BOTH	8502	0	8502	0
17279559	BOTH	11937	798	14225	0
17281428	NONE	9470	564	10004	0
17281885	IFYFM	6161	0	6161	0
17282188	NONE	17241	0	17241	0
17282256	NONE	19998	342	21010	0
17286840	NONE	7940	804	9338	0
17288112	BOTH	25892	0	25892	0
17290962	FMIFY	3695	0	3695	0
17291760	BOTH	9496	0	9496	0
17291815	NONE	5307	458	6887	0
17292357	NONE	13525	0	13525	0
17294078	NONE	54	0	54	0
17296675	NONE	1495	1452	2693	0
17307877	NONE	15000	0	15000	0
17308527	BOTH	17116	480	19212	0
17313024	NONE	34723	3736	37133	0
17315097	BOTH	13303	760	15024	0
17317076	NONE	3413	595	5006	0
17326776	NONE	68	0	68	0
17328189	BOTH	5766	0	5766	0
17329083	BOTH	7114	585	8671	0
17329107	NONE	282	2681	285	0
17332473	NONE	94	1332	102	0
17334157	IFYFM	5272	1624	7507	0
17337023	NONE	6	1071	6	0
17337793	IFYFM	1510	0	1510	0
17339362	BOTH	11302	374	11946	0
17339790	NONE	5015	0	5015	0
17343595	NONE	23347	2186	23958	0
17343664	NONE	156	4099	190	0
17344927	NONE	7930	0	7930	0
17347511	FMIFY	2766	0	2766	0
17347991	NONE	60000	0	60000	0
17349603	BOTH	33614	0	33614	0
17351186	FMIFY	6747	762	9574	0
17351414	NONE	1505	788	3109	0
17352686	NONE	29651	1625	35976	0
17353760	BOTH	9882	0	9882	0
17354015	BOTH	7129	340	8185	0
17354942	NONE	58	0	58	0
17356589	BOTH	7123	0	7123	0
17357658	NONE	233	0	233	0
17358396	NONE	4802	0	4802	0
17358699	NONE	6542	251	7596	0
17366090	IFYFM	24045	880	25618	0
17368287	NONE	2099	0	2099	0
17372089	NONE	3562	0	3562	0
17372386	NONE	18906	564	20199	0
17373074	FMIFY	7803	703	10274	0
17375772	NONE	7766	553	9600	0
17375852	BOTH	31761	1364	35200	0
17376732	FMIFY	1604	736	3396	0
17376797	IFYFM	6360	8001	6378	0
17378207	BOTH	7927	0	7927	0
141114847	NONE	2	0	2	0
144349758	NONE	2	0	2	0
144445015	NONE	2	0	2	0
146655389	NONE	2	0	2	0
149974715	NONE	2	0	2	0
151022428	NONE	2	0	2	0
1414271542	NONE	2	0	2	0
1446805015	NONE	2	0	2	0
1480838049	NONE	2	0	2	0
2147483647	NONE	25	0	25	0
